-51664;
-65703;
-4977;
-46687;
-76879;
9510;
-1619;
-108716;
-40157;
42624;
-55263;
-86830;
8631;
-4228;
-77393;
-21764;
-2746;
-35421;
-41928;
-16737;
-34265;
-4846;
-29699;
-52942;
-15542;
18859;
-58842;
-43474;
15281;
-19549;
-59288;
1033;
-5493;
-51544;
-17995;
1631;
-29665;
-30069;
-12931;
-32786;
-3679;
-9812;
-50234;
-25291;
27825;
-43190;
-59110;
16061;
10191;
-72256;
-27154;
22976;
-22476;
-52814;
-14582;
-719;
-18035;
-35133;
-34291;
3964;
-5634;
-49577;
-31464;
23195;
-30409;
-57445;
1225;
16176;
-58266;
-34070;
9248;
-13365;
-43173;
-16716;
-15444;
-17890;
-19975;
-28398;
-19559;
-2996;
-30823;
-41171;
4330;
-6985;
-46464;
-27120;
10637;
-26499;
-39991;
-12501;
-4586;
-31174;
-24443;
-19432;
-11040;
-19957;
-33429;
-20543;
2564;
-30495;
-47543;
1996;
5030;
-50955;
-39321;
19278;
-15264;
-54430;
-18528;
11564;
-29804;
-38162;
-16880;
-2023;
-20651;
-33941;
-27065;
1079;
-18615;
-43260;
-16030;
3352;
-32619;
-38158;
-5655;
-9954;
-34332;
-27335;
-8948;
-20340;
-23871;
-26072;
-17394;
-10399;
-22288;
-39228;
-9930;
-4249;
-34726;
-34947;
-24;
-13418;
-42460;
-21970;
144;
-23759;
-37113;
-13113;
-8979;
-26076;
-31424;
-13267;
-13025;
-24940;
-33863;
-9874;
-8773;
-33269;
-32127;
352;
-19141;
-40616;
-17061;
285;
-29787;
-37268;
-7909;
-7190;
-31854;
-29957;
-12431;
-11695;
-24497;
-33726;
-15740;
-4880;
-25134;
-39219;
-10993;
-4252;
-29529;
-36015;
-9032;
-9672;
-29141;
-32233;
-13187;
-9839;
-26103;
-31470;
-13654;
-8928;
-29201;
-30394;
-9928;
-12956;
-35468;
-18930;
-7467;
-24116;
-31656;
-11990;
-15819;
-28247;
-22750;
-9847;
-23286;
-29778;
-17757;
-10101;
-25421;
-32184;
-13890;
-6412;
-28891;
-38366;
-8284;
-2505;
-35515;
-39383;
-1023;
-4348;
-39874;
-37221;
-9;
-5179;
-40052;
-39141;
-1137;
-1029;
-40097;
-44165;
727;
4658;
-44216;
-45688;
5459;
2367;
-49627;
-43006;
7699;
2298;
-49882;
-41570;
6004;
1541;
-47708;
-40740;
8614;
-220;
-52295;
-35618;
9564;
-7061;
-50598;
-30723;
6098;
-12152;
-43905;
-28847;
-1114;
-12630;
-37507;
-29708;
-4475;
-11008;
-34266;
-31149;
-6907;
-11862;
-33240;
-28994;
-8860;
-14569;
-29521;
-27914;
-12877;
-13689;
-27756;
-27663;
-15077;
-13582;
-25679;
-27494;
-16355;
-15074;
-27574;
-22404;
-16424;
-18911;
-23051;
-20057;
-21571;
-20250;
-19731;
-19094;
-21834;
-20572;
-21544;
-19148;
-17807;
-21295;
-25421;
-18565;
-13567;
-22499;
-29502;
-18413;
-9315;
-22801;
-32578;
-19576;
-3700;
-21978;
-41287;
-17844;
4785;
-25793;
-46900;
-14754;
7687;
-28817;
-51032;
-11446;
10793;
-30160;
-52309;
-11016;
10602;
-29902;
-53983;
-9887;
14535;
-30414;
-57259;
-10240;
15662;
-30503;
-57412;
-10872;
15704;
-29768;
-59369;
-11069;
19806;
-30625;
-63307;
-9817;
24512;
-30603;
-68927;
-8686;
26637;
-35108;
-66659;
-6245;
23350;
-36236;
-62040;
-4064;
20024;
-37348;
-58982;
-5440;
15824;
-35524;
-54010;
-5219;
10934;
-35974;
-50075;
-6151;
5523;
-33690;
-44750;
-7979;
2133;
-31566;
-42673;
-9336;
-810;
-30793;
-38082;
-10419;
-6767;
-30137;
-32881;
-11527;
-13348;
-28384;
-24046;
-15261;
-20761;
-21994;
-17708;
-23521;
-25798;
-12673;
-14550;
-34239;
-26794;
-2684;
-13508;
-43508;
-27929;
6221;
-14396;
-52712;
-26016;
16650;
-15405;
-62398;
-23159;
25127;
-21741;
-68328;
-17809;
30565;
-25949;
-74915;
-11136;
35464;
-33627;
-78854;
-4473;
39704;
-39162;
-83051;
440;
41619;
-45261;
-83283;
5589;
41954;
-50374;
-83134;
11735;
39907;
-55329;
-80369;
14874;
33835;
-57305;
-72305;
16749;
25609;
-58492;
-64693;
15775;
18984;
-57477;
-56982;
13873;
12558;
-53450;
-51732;
10613;
6079;
-51359;
-44226;
6238;
-241;
-45754;
-37098;
650;
-7518;
-40080;
-29598;
-4625;
-13648;
-34858;
-26374;
-8901;
-16469;
-29844;
-20897;
-14887;
-22527;
-24649;
-15526;
-18965;
-26410;
-21380;
-14412;
-21059;
-27392;
-19276;
-13732;
-22190;
-29028;
-19407;
-12408;
-21061;
-30187;
-20574;
-11469;
-21098;
-29249;
-20493;
-12338;
-21139;
-29307;
-19404;
-13484;
-23160;
-26130;
-18424;
-17361;
-23273;
-21961;
-17554;
-21687;
-24330;
-17765;
-17515;
-26466;
-24293;
-12924;
-17470;
-30760;
-24294;
-8586;
-18475;
-35537;
-23100;
-2794;
-19525;
-41990;
-20974;
2559;
-20702;
-44167;
-20985;
3510;
-20617;
-47084;
-20006;
6740;
-21629;
-48251;
-19982;
8675;
-23551;
-52221;
-15816;
10862;
-27854;
-52341;
-10775;
10686;
-34006;
-51415;
-4759;
7625;
-39059;
-48340;
-647;
5560;
-43175;
-45398;
2477;
2500;
-45401;
-42445;
5435;
-2673;
-47356;
-36053;
5364;
-7903;
-47215;
-34175;
6325;
-9611;
-48418;
-30194;
6657;
-12814;
-48425;
-28875;
7667;
-13860;
-48580;
-25819;
6672;
-18109;
-46642;
-21484;
2549;
-21993;
-42512;
-18552;
-1503;
-23235;
-38309;
-17513;
-5643;
-25401;
-35170;
-16010;
-6766;
-26121;
-34104;
-13364;
-9791;
-27968;
-32019;
-12198;
-9715;
-30414;
-32142;
-10136;
-10647;
-31562;
-31093;
-9584;
-10661;
-33441;
-32174;
-6229;
-9447;
-36242;
-33179;
-4103;
-8342;
-37528;
-33093;
-3760;
-7538;
-37542;
-34006;
-2822;
-6663;
-38242;
-37909;
-3410;
1094;
-40419;
-44951;
801;
4246;
-43871;
-47949;
2865;
10536;
-46443;
-54513;
6059;
14766;
-48701;
-58712;
7782;
20500;
-51683;
-64457;
11064;
24946;
-54907;
-66676;
14275;
24830;
-57151;
-67677;
16111;
25710;
-59710;
-67679;
18134;
25912;
-59592;
-67771;
17180;
27018;
-60362;
-68949;
20594;
24701;
-60142;
-65245;
17111;
24358;
-58771;
-66537;
16015;
22289;
-56023;
-63123;
13155;
20249;
-52865;
-61139;
11225;
16710;
-52159;
-56233;
9158;
11200;
-48088;
-51704;
2948;
9151;
-43387;
-48892;
-999;
5062;
-37358;
-46785;
-5843;
4017;
-35243;
-44515;
-6768;
9;
-30173;
-37494;
-13065;
-6161;
-26806;
-33554;
-16146;
-10862;
-22831;
-27434;
-19831;
-16184;
-19084;
-23057;
-23886;
-20447;
-14814;
-18791;
-29294;
-24598;
-7547;
-16773;
-36627;
-23398;
-3015;
-17766;
-38901;
-22433;
595;
-21789;
-43899;
-15007;
3734;
-30519;
-47022;
-5749;
10792;
-44859;
-57245;
15729;
20324;
-70953;
-65492;
45845;
28803;
-102690;
-74057;
78343;
37679;
-135364;
-82436;
110013;
44037;
-165106;
-88663;
136717;
50904;
-191300;
-95822;
162634;
55753;
-214944;
-98513;
181227;
59153;
-231166;
-101401;
195665;
58623;
-239833;
-100469;
198488;
60576;
-240535;
-104692;
197421;
63241;
-236906;
-104535;
189578;
61609;
-226269;
-103139;
175186;
59493;
-206094;
-100920;
148840;
57495;
-171405;
-102312;
105947;
67866;
-125078;
-118174;
59714;
86986;
-77521;
-139163;
13269;
113429;
-32363;
-168290;
-27803;
139335;
5514;
-194213;
-63750;
167867;
38633;
-222812;
-93661;
195006;
66272;
-249905;
-119336;
222648;
89558;
-278018;
-140650;
249370;
106781;
-303039;
-153945;
272849;
117324;
-324934;
-161594;
294595;
116112;
-344120;
-149110;
306774;
96952;
-351240;
-126800;
309621;
71389;
-348766;
-99602;
297788;
45366;
-330674;
-76012;
279286;
23073;
-310262;
-54597;
256329;
-344;
-283331;
-28482;
225648;
-26955;
-250071;
-3302;
187600;
-50672;
-209461;
17537;
147507;
-66331;
-170400;
31169;
109132;
-80556;
-133409;
47304;
69884;
-96296;
-90188;
59768;
26139;
-107547;
-44023;
68937;
-21857;
-112831;
2917;
68579;
-63468;
-109996;
38623;
65566;
-93387;
-105003;
62567;
61456;
-114787;
-99041;
81652;
52842;
-131230;
-89820;
96943;
43093;
-146645;
-77808;
113180;
27908;
-161532;
-59605;
126701;
5758;
-176041;
-33004;
139390;
-22831;
-184859;
-3286;
145178;
-55626;
-187896;
32492;
145127;
-90790;
-182527;
65505;
135405;
-121284;
-168563;
92833;
117295;
-144100;
-149417;
110266;
101965;
-160205;
-134947;
125551;
86678;
-175486;
-121148;
140822;
73433;
-190932;
-106670;
157388;
57007;
-206433;
-90127;
171913;
38653;
-220722;
-67607;
183463;
10738;
-229151;
-40250;
188858;
-14986;
-228565;
-14043;
183042;
-37588;
-219337;
4667;
170834;
-53449;
-203542;
15388;
150775;
-56027;
-182897;
11745;
133214;
-51608;
-166422;
6523;
119914;
-43218;
-157343;
-1470;
114534;
-37249;
-156512;
-3940;
112788;
-39105;
-151467;
100;
104967;
-43901;
-139341;
188;
90602;
-37137;
-125440;
-11861;
78130;
-23068;
-115647;
-28041;
71815;
-5662;
-112473;
-45690;
72715;
13134;
-118351;
-62162;
82438;
25880;
-130473;
-72885;
94695;
36108;
-144776;
-81230;
108122;
40927;
-154094;
-85372;
117515;
45678;
-161564;
-91237;
122480;
54540;
-166662;
-101709;
126594;
67053;
-170498;
-112656;
129752;
75115;
-171850;
-118510;
130117;
78406;
-169828;
-120678;
126707;
79624;
-166275;
-119343;
121460;
76352;
-158906;
-116704;
113703;
74563;
-152131;
-112989;
105492;
67164;
-141066;
-104906;
92104;
59403;
-126842;
-95959;
75186;
47816;
-106696;
-83780;
54602;
35327;
-88196;
-70267;
37151;
22273;
-70489;
-58679;
22666;
9994;
-58252;
-47317;
11944;
-583;
-51567;
-34369;
7430;
-13122;
-47831;
-24635;
6278;
-20430;
-48349;
-16263;
6842;
-29760;
-48508;
-9663;
8866;
-34317;
-52627;
-5306;
13844;
-38437;
-58576;
-980;
19342;
-41566;
-64039;
182;
25859;
-41463;
-69564;
18;
29793;
-40765;
-73569;
-3103;
32729;
-37053;
-76346;
-5155;
34540;
-36454;
-76355;
-5069;
33801;
-36266;
-73666;
-3434;
28563;
-40444;
-65742;
-1865;
19338;
-39273;
-55875;
-1875;
9184;
-38313;
-45600;
-3539;
-964;
-36185;
-36445;
-7003;
-9606;
-32101;
-28838;
-10848;
-17013;
-29188;
-20159;
-15043;
-23453;
-23096;
-16815;
-19566;
-24628;
-20238;
-16797;
-24775;
-22690;
-15059;
-20076;
-28672;
-20410;
-12892;
-21120;
-29754;
-20561;
-11132;
-22017;
-30824;
-18724;
-11200;
-24990;
-31009;
-16641;
-10898;
-26200;
-30949;
-13473;
-11754;
-30428;
-28913;
-9531;
-14016;
-32536;
-27810;
-9774;
-13968;
-34301;
-26947;
-7618;
-16853;
-34401;
-24045;
-8471;
-17797;
-32438;
-21859;
-11403;
-21087;
-24729;
-21529;
-22260;
-17217;
-14282;
-28948;
-32478;
-7712;
-3130;
-40206;
-43583;
5382;
7004;
-53746;
-52383;
17701;
15593;
-63861;
-63036;
27801;
28305;
-75868;
-76449;
41310;
39734;
-89262;
-84711;
55374;
47290;
-105947;
-91636;
71748;
50488;
-119716;
-93746;
84005;
52600;
-132282;
-96963;
97339;
54776;
-147745;
-95691;
114935;
51660;
-165953;
-89570;
132065;
41513;
-180023;
-76196;
142158;
26197;
-186458;
-59394;
143501;
10382;
-185335;
-46501;
142538;
-409;
-182653;
-37369;
138898;
-8474;
-179559;
-28303;
135004;
-20080;
-173925;
-14895;
128383;
-31179;
-166143;
-7607;
118506;
-35389;
-155982;
-5626;
110600;
-38556;
-148205;
-1224;
101887;
-41540;
-138011;
1056;
89241;
-42923;
-123086;
432;
72071;
-38329;
-105201;
-10682;
57540;
-24189;
-94799;
-23733;
50212;
-12720;
-90206;
-31193;
46872;
-8609;
-84557;
-35984;
38505;
-2880;
-75070;
-43469;
27598;
6003;
-64077;
-52012;
19172;
13991;
-56864;
-56830;
10968;
15983;
-47521;
-59699;
794;
18058;
-35787;
-60529;
-9413;
20061;
-28123;
-63597;
-13177;
22358;
-27947;
-61875;
-11264;
15801;
-30096;
-51267;
-12184;
4542;
-27237;
-41949;
-17240;
-2495;
-22063;
-36814;
-20713;
-5721;
-20150;
-35783;
-20603;
-7785;
-24046;
-30743;
-15637;
-15313;
-28017;
-22031;
-12572;
-22337;
-28927;
-15003;
-14548;
-28589;
-26329;
-11891;
-17337;
-30827;
-24333;
-9830;
-19765;
-32975;
-22178;
-6971;
-21936;
-35055;
-18092;
-9024;
-24551;
-32903;
-15047;
-10812;
-26837;
-30894;
-14014;
-11818;
-27828;
-28826;
-14623;
-13001;
-26791;
-26802;
-13506;
-15984;
-28458;
-24778;
-11629;
-18775;
-30732;
-20861;
-9437;
-22704;
-31991;
-17713;
-8203;
-24846;
-32869;
-15534;
-7420;
-26954;
-33836;
-13474;
-6611;
-30862;
-34078;
-8367;
-9556;
-32933;
-31072;
-6447;
-12708;
-36102;
-26998;
-3451;
-16634;
-39146;
-22643;
-1464;
-19464;
-42125;
-19659;
668;
-22963;
-44131;
-16867;
4568;
-27995;
-46381;
-11822;
4770;
-31092;
-46551;
-8710;
5879;
-37237;
-48663;
-2525;
7958;
-40476;
-51827;
558;
11060;
-44065;
-51875;
3855;
10133;
-46189;
-51796;
5792;
10332;
-47358;
-50834;
4897;
9182;
-46244;
-49688;
3790;
6200;
-43966;
-45871;
544;
3146;
-41014;
-43070;
-2091;
-1726;
-35137;
-39777;
-8171;
-1682;
-32071;
-39730;
-11358;
-2583;
-27091;
-37772;
-16233;
-4659;
-23980;
-34780;
-19393;
-8998;
-20040;
-32461;
-23456;
-11116;
-14707;
-29314;
-30008;
-13175;
-10224;
-28230;
-31943;
-15107;
-8393;
-26040;
-33966;
-14457;
-7352;
-26959;
-33313;
-15584;
-8521;
-25999;
-33117;
-15710;
-10338;
-26055;
-31102;
-16483;
-11048;
-23834;
-28935;
-18618;
-13354;
-21690;
-26837;
-20742;
-15130;
-19543;
-25982;
-21844;
-13805;
-19729;
-27077;
-20667;
-16122;
-21834;
-23271;
-20540;
-19048;
-20808;
-21982;
-18638;
-20132;
-22788;
-19103;
-19577;
-23253;
-20748;
-17853;
-20653;
-24204;
-20805;
-16072;
-20726;
-25681;
-20924;
-15188;
-21788;
-26479;
-20786;
-15941;
-19617;
-25237;
-21852;
-16901;
-19491;
-23269;
-22980;
-18141;
-17493;
-24490;
-24150;
-16814;
-18573;
-22371;
-21952;
-21177;
-18709;
-18558;
-23102;
-23368;
-20583;
-16766;
-20974;
-29355;
-19753;
-10473;
-23003;
-32571;
-17682;
-7398;
-24012;
-36562;
-16724;
-3369;
-25113;
-39717;
-14746;
-754;
-27271;
-41875;
-14794;
1702;
-28256;
-44273;
-11658;
444;
-30520;
-41870;
-12656;
-381;
-29425;
-41737;
-10895;
-1388;
-32373;
-37853;
-10749;
-6040;
-31360;
-33545;
-10722;
-10266;
-31471;
-27497;
-10691;
-18505;
-30199;
-21085;
-12845;
-23466;
-28108;
-15297;
-14772;
-30278;
-26053;
-7963;
-17610;
-36834;
-21941;
-2755;
-20769;
-42123;
-18789;
2179;
-26933;
-43994;
-12590;
2230;
-28958;
-45284;
-11810;
5116;
-31812;
-48047;
-7623;
5527;
-34102;
-46814;
-5592;
4738;
-37256;
-45615;
-2490;
2781;
-41323;
-40909;
594;
-2535;
-42355;
-35821;
-505;
-7741;
-40312;
-30729;
-2698;
-13744;
-39130;
-26953;
-3547;
-16757;
-38107;
-21654;
-3375;
-22960;
-36130;
-16424;
-6546;
-26003;
-34907;
-13347;
-6596;
-31016;
-33985;
-8186;
-8525;
-33846;
-32911;
-5669;
-9494;
-37317;
-31112;
-2283;
-11683;
-39474;
-28956;
-1536;
-14875;
-40314;
-25799;
-2374;
-16052;
-38302;
-24781;
-4611;
-17019;
-35162;
-25003;
-7100;
-17998;
-34305;
-22055;
-10042;
-21991;
-29478;
-18921;
-16387;
-24062;
-23964;
-16032;
-22162;
-27021;
-16060;
-15929;
-30729;
-26935;
-9878;
-15081;
-36483;
-26074;
-3692;
-15909;
-40207;
-26060;
559;
-15930;
-44656;
-25294;
4857;
-17940;
-47448;
-23111;
6891;
-20847;
-48638;
-20004;
6093;
-22023;
-47556;
-19005;
5055;
-24936;
-46627;
-15728;
2956;
-26090;
-43313;
-13783;
1767;
-31836;
-40697;
-7717;
-4214;
-35985;
-34405;
-1363;
-9851;
-43554;
-28466;
4355;
-17197;
-49167;
-23238;
10895;
-21966;
-55905;
-17864;
17686;
-28207;
-63684;
-10709;
25785;
-35361;
-72957;
-3489;
36032;
-41421;
-84298;
4227;
48402;
-48104;
-95763;
10967;
58717;
-55842;
-106754;
18955;
68100;
-65765;
-111420;
28373;
71924;
-73112;
-113993;
35753;
69949;
-80765;
-108656;
41519;
63411;
-85651;
-101098;
46687;
54798;
-89518;
-92198;
48593;
45912;
-90430;
-81489;
48335;
33781;
-90631;
-67389;
48732;
17480;
-90634;
-48984;
48924;
-2101;
-91446;
-29887;
50239;
-21094;
-92597;
-9630;
50733;
-43774;
-92673;
15520;
48988;
-70434;
-85999;
40924;
37327;
-93327;
-70596;
59503;
20155;
-108675;
-52861;
70823;
2634;
-115844;
-37874;
77345;
-9261;
-122504;
-28171;
83200;
-19521;
-127437;
-16187;
86960;
-32311;
-129086;
-3277;
84837;
-47529;
-124690;
14635;
77061;
-64851;
-113925;
31957;
66040;
-83326;
-101036;
52601;
49159;
-105981;
-80888;
74650;
28688;
-126346;
-60348;
95670;
8090;
-145470;
-38704;
111013;
-12102;
-158261;
-21680;
119809;
-27790;
-165740;
-7919;
128215;
-38474;
-175100;
1939;
137099;
-48216;
-185007;
10879;
148499;
-56709;
-194867;
19559;
156889;
-63634;
-202243;
24295;
163502;
-68165;
-208761;
27325;
167020;
-69397;
-209166;
26527;
166119;
-68439;
-204860;
26438;
155826;
-68717;
-190260;
26197;
139876;
-68253;
-174024;
26336;
125362;
-68750;
-159491;
28781;
108840;
-74194;
-138513;
35053;
87026;
-79754;
-116270;
40639;
62111;
-83534;
-91371;
41873;
39994;
-83566;
-71972;
42560;
22620;
-85639;
-54704;
47115;
5957;
-93595;
-39587;
58120;
-12479;
-104806;
-19012;
67347;
-30907;
-112185;
-1268;
71219;
-47118;
-112906;
9968;
71264;
-52577;
-112848;
12080;
70673;
-52265;
-109798;
6717;
65371;
-45016;
-105157;
-623;
58944;
-34285;
-95480;
-15205;
49193;
-19660;
-85667;
-28812;
38865;
-6314;
-76870;
-41159;
32256;
4204;
-68950;
-49622;
22349;
13303;
-58702;
-59065;
12067;
20190;
-47432;
-67884;
477;
33115;
-36517;
-79258;
-10182;
41042;
-25875;
-87790;
-20387;
50307;
-20178;
-93787;
-22502;
53405;
-17986;
-94213;
-21978;
49066;
-23956;
-87007;
-15774;
39583;
-28176;
-75586;
-11312;
28484;
-29572;
-63103;
-13218;
16680;
-28362;
-52098;
-13396;
4702;
-28230;
-41821;
-12422;
-2559;
-32298;
-33758;
-7217;
-14317;
-37503;
-22881;
-1027;
-23906;
-43537;
-10402;
5146;
-40140;
-48820;
4946;
9339;
-53315;
-53015;
18205;
11670;
-65948;
-51233;
30642;
8330;
-76274;
-50044;
39268;
6250;
-84251;
-47882;
43459;
5239;
-85091;
-45070;
42346;
1306;
-82067;
-43020;
38482;
414;
-78150;
-40127;
33537;
-1872;
-72005;
-39019;
28022;
-4832;
-68279;
-34930;
21870;
-10901;
-58704;
-24207;
10615;
-22701;
-43222;
-13820;
-6821;
-33180;
-25149;
-3910;
-25016;
-40939;
-8421;
2165;
-40139;
-46187;
3361;
7749;
-49909;
-53485;
12277;
13969;
-58547;
-58940;
20461;
21481;
-64201;
-66548;
24827;
27584;
-67645;
-73666;
27158;
36389;
-69755;
-81441;
29058;
43700;
-71045;
-88808;
30103;
47083;
-71112;
-89704;
26037;
50093;
-65752;
-92386;
20583;
50641;
-59757;
-94184;
14976;
55616;
-54375;
-99394;
11811;
58258;
-51509;
-99362;
7210;
57702;
-46821;
-98425;
2324;
54123;
-42343;
-94711;
-3227;
51881;
-37404;
-91836;
-4206;
47447;
-36355;
-89134;
-4263;
44600;
-37434;
-83278;
-4430;
38931;
-37099;
-77734;
-4575;
31953;
-37553;
-70125;
-4372;
24655;
-37763;
-60522;
-3389;
12364;
-38489;
-48158;
-2591;
-883;
-40425;
-34900;
-1746;
-12565;
-39832;
-24967;
-2541;
-19082;
-39604;
-19723;
-1566;
-24314;
-42422;
-16495;
2951;
-27183;
-46652;
-11657;
7714;
-32372;
-51765;
-6565;
10767;
-37623;
-54754;
-4225;
14912;
-38744;
-58814;
-2273;
17938;
-39756;
-60982;
-4141;
20009;
-37672;
-62749;
-5092;
20143;
-33824;
-60953;
-11087;
18025;
-27513;
-59853;
-16393;
16536;
-23277;
-58711;
-21616;
14975;
-17979;
-54866;
-24828;
8652;
-17030;
-47392;
-24840;
291;
-16074;
-38023;
-27747;
-8314;
-12947;
-28785;
-29135;
-19729;
-10989;
-15742;
-32155;
-30378;
-8811;
-7537;
-33132;
-40137;
-7990;
4545;
-34996;
-50071;
-5730;
13156;
-36235;
-58719;
-6575;
21940;
-35269;
-66235;
-7450;
27263;
-33166;
-68420;
-10552;
29770;
-29993;
-72729;
-10863;
31967;
-31964;
-73069;
-9751;
30329;
-32080;
-71118;
-8700;
28046;
-35068;
-67032;
-5688;
22234;
-36944;
-63801;
-4789;
20354;
-38089;
-61016;
-2631;
15800;
-39446;
-57335;
-2418;
14620;
-39494;
-56849;
-1557;
14793;
-40465;
-58813;
-593;
19894;
-43670;
-65839;
6183;
26250;
-52507;
-70628;
14558;
32263;
-59547;
-76669;
21014;
39454;
-66023;
-84777;
27250;
46170;
-70258;
-90801;
29947;
52126;
-74370;
-95800;
36721;
55510;
-80292;
-97524;
41192;
55791;
-86226;
-96354;
47200;
49578;
-91967;
-88792;
52868;
43001;
-97772;
-81035;
58601;
34659;
-100463;
-72545;
58517;
25379;
-99262;
-62529;
54286;
15840;
-94177;
-54273;
49766;
8588;
-88704;
-46113;
42560;
1721;
-81520;
-40386;
37761;
-5703;
-77353;
-32415;
31271;
-10513;
-71215;
-29458;
25872;
-12613;
-64264;
-31086;
19811;
-8730;
-60485;
-33096;
17168;
-6501;
-57759;
-38378;
16104;
-1696;
-56679;
-42463;
12620;
5025;
-52132;
-50241;
10465;
10256;
-52242;
-52436;
10428;
11098;
-53281;
-53441;
11364;
11696;
-52324;
-53334;
7503;
11961;
-47351;
-55401;
3369;
13348;
-43333;
-57696;
1199;
17880;
-43340;
-58994;
298;
15646;
-39335;
-57747;
-5818;
12918;
-32113;
-51810;
-14375;
8947;
-25222;
-50958;
-18543;
8653;
-23139;
-50451;
-19561;
9152;
-21208;
-51209;
-21728;
9204;
-19132;
-52026;
-21838;
10609;
-20900;
-54245;
-20830;
15897;
-22006;
-58697;
-18890;
18243;
-24950;
-58082;
-15736;
14096;
-28073;
-54229;
-12626;
11575;
-29997;
-51266;
-9686;
8419;
-34045;
-48309;
-5514;
4086;
-38195;
-42420;
1001;
-3721;
-45883;
-34463;
7630;
-11293;
-52622;
-28756;
14238;
-17563;
-59245;
-20778;
19916;
-24284;
-64692;
-13868;
27436;
-34867;
-71519;
-2807;
33159;
-42984;
-77262;
3680;
37795;
-49200;
-80928;
9787;
41681;
-53329;
-87399;
14293;
48021;
-55759;
-93007;
14290;
53710;
-56475;
-97571;
14271;
56004;
-54921;
-97635;
11024;
56433;
-51531;
-98185;
8067;
56598;
-46635;
-98210;
1781;
55105;
-41596;
-94723;
-2373;
49341;
-35570;
-88967;
-8315;
43874;
-30162;
-82488;
-15601;
38317;
-21985;
-76983;
-22706;
31262;
-12631;
-69397;
-35605;
24928;
-185;
-64766;
-45466;
20342;
9655;
-60198;
-55390;
16892;
14466;
-55746;
-58223;
10890;
17500;
-49404;
-59409;
5214;
17641;
-43775;
-59499;
-53;
18353;
-40475;
-60241;
-2264;
18428;
-39416;
-60488;
-1338;
17177;
-40505;
-57654;
-2358;
15442;
-39384;
-56539;
-1357;
10858;
-40435;
-50945;
-3550;
6194;
-37418;
-45169;
-5745;
-920;
-35419;
-37570;
-8649;
-6236;
-32211;
-32325;
-11688;
-11316;
-29001;
-29918;
-14774;
-12864;
-26701;
-26961;
-15987;
-16538;
-24647;
-25185;
-17024;
-18441;
-22805;
-21649;
-20881;
-20613;
-18457;
-20882;
-24133;
-22991;
-15338;
-18685;
-30257;
-22884;
-9028;
-19145;
-34439;
-23727;
-4272;
-18964;
-40501;
-20701;
906;
-20625;
-44620;
-18782;
3116;
-24803;
-43691;
-14401;
1995;
-26481;
-43549;
-14734;
3569;
-28820;
-45590;
-12558;
3698;
-27876;
-46720;
-12539;
4980;
-29578;
-45623;
-11589;
2968;
-28971;
-44412;
-12665;
1918;
-29242;
-41398;
-13483;
-2226;
-26756;
-37389;
-15866;
-7052;
-24170;
-32448;
-19907;
-10341;
-19977;
-29245;
-25989;
-12631;
-10148;
-30077;
-35962;
-10465;
-3817;
-31328;
-41040;
-10327;
2486;
-33307;
-44277;
-7367;
2404;
-33486;
-45294;
-10578;
4474;
-31142;
-46377;
-11612;
4362;
-29205;
-46337;
-13601;
6612;
-27223;
-48384;
-14569;
6571;
-27327;
-47124;
-13593;
4143;
-28369;
-46033;
-13638;
4562;
-29156;
-44211;
-11418;
-1937;
-30353;
-37866;
-11236;
-6649;
-30382;
-32000;
-12250;
-12140;
-25182;
-28247;
-19607;
-14343;
-19884;
-25853;
-22728;
-16651;
-17862;
-24348;
-23782;
-18532;
-16924;
-22067;
-24859;
-21680;
-16911;
-16690;
-24864;
-27870;
-16002;
-11624;
-26842;
-32146;
-15050;
-4713;
-27776;
-39620;
-13000;
3;
-28768;
-42022;
-14026;
1794;
-27766;
-46109;
-14004;
4142;
-27863;
-46131;
-15840;
3962;
-24867;
-44781;
-18987;
2947;
-21750;
-43906;
-22144;
920;
-18570;
-41895;
-25228;
-169;
-15433;
-41792;
-27307;
-2934;
-13418;
-35806;
-29355;
-8951;
-11442;
-30610;
-30398;
-15296;
-10515;
-22538;
-32296;
-20895;
-9251;
-18694;
-31363;
-27141;
-11351;
-11575;
-30229;
-33438;
-10380;
-6757;
-31252;
-38856;
-9498;
-1369;
-32399;
-42571;
-9493;
2672;
-32430;
-45978;
-9515;
4501;
-31471;
-48588;
-10652;
8891;
-30283;
-51942;
-12736;
10997;
-27250;
-55046;
-15931;
16472;
-25215;
-60491;
-18044;
21471;
-22109;
-65991;
-21958;
27059;
-18000;
-70019;
-25012;
30515;
-16050;
-73891;
-27981;
34624;
-11740;
-77307;
-31026;
37206;
-9607;
-79485;
-32093;
38329;
-7738;
-81068;
-37108;
40585;
-1263;
-83008;
-43477;
41176;
5527;
-82838;
-50341;
41160;
11131;
-82233;
-54849;
37804;
15102;
-78364;
-58922;
34533;
17171;
-72835;
-59815;
27540;
18244;
-66120;
-60954;
20060;
21289;
-58160;
-64095;
11552;
22338;
-49602;
-64080;
3048;
22157;
-40681;
-64074;
-5023;
21250;
-32110;
-61216;
-13548;
17099;
-24042;
-56741;
-20507;
10522;
-19533;
-48019;
-24538;
1837;
-14940;
-39346;
-27645;
-6316;
-12144;
-32349;
-30594;
-12533;
-10699;
-26278;
-30589;
-17639;
-10655;
-21994;
-28681;
-22766;
-13095;
-16714;
-28197;
-26021;
-14809;
-16674;
-26041;
-23967;
-17723;
-19827;
-21735;
-19813;
-21748;
-24936;
-17973;
-14102;
-26088;
-29441;
-12541;
-7653;
-31222;
-38138;
-8782;
996;
-35249;
-48769;
-5503;
12728;
-37182;
-59144;
-3539;
23305;
-38449;
-70899;
-3875;
34120;
-38224;
-80217;
-5632;
42925;
-35543;
-88955;
-7897;
50676;
-32221;
-93651;
-12877;
52746;
-26113;
-94886;
-19183;
52857;
-18912;
-93080;
-27492;
48261;
-10247;
-88320;
-37409;
42706;
1704;
-81605;
-49598;
35121;
13971;
-71957;
-61954;
25408;
25225;
-62760;
-72792;
14656;
36354;
-49938;
-83409;
813;
46780;
-35279;
-92553;
-12176;
54741;
-24447;
-100816;
-21957;
62083;
-16583;
-105295;
-28276;
64475;
-11464;
-106828;
-32478;
62437;
-8300;
-102569;
-33535;
57921;
-9301;
-98372;
-31440;
53259;
-12442;
-93387;
-26500;
48043;
-19606;
-85996;
-17806;
39849;
-27287;
-77941;
-9434;
32809;
-38859;
-70664;
3218;
25719;
-53698;
-63717;
17942;
18470;
-68181;
-55308;
33430;
8418;
-81428;
-46012;
44754;
-604;
-90278;
-38806;
51818;
-6129;
-96042;
-34025;
56610;
-10044;
-99517;
-30417;
60116;
-12464;
-103250;
-28438;
61188;
-14297;
-100375;
-30045;
54641;
-11484;
-94635;
-33301;
48055;
-6579;
-84933;
-38832;
38320;
48;
-75171;
-44533;
28165;
5661;
-62249;
-50171;
12947;
13474;
-48852;
-57817;
1687;
19211;
-38106;
-64829;
-8608;
27810;
-29229;
-74099;
-17267;
36376;
-20484;
-81845;
-25683;
42111;
-11900;
-87459;
-33034;
47712;
-8556;
-90045;
-34198;
48605;
-6445;
-89783;
-35404;
46909;
-8347;
-84945;
-33263;
40378;
-7527;
-81433;
-34506;
39413;
-8436;
-81331;
-33563;
37364;
-9495;
-77852;
-30439;
35063;
-13658;
-74818;
-26223;
31400;
-17625;
-71514;
-24269;
27063;
-17456;
-67622;
-24194;
25966;
-17350;
-66653;
-24148;
23489;
-16395;
-65170;
-25189;
23394;
-17360;
-63766;
-24164;
19879;
-15414;
-61691;
-26503;
19048;
-17365;
-58850;
-24318;
14663;
-17550;
-56458;
-22119;
14575;
-18990;
-57385;
-24939;
17545;
-16842;
-59739;
-27085;
16524;
-13708;
-59488;
-27352;
20121;
-16658;
-62598;
-23099;
20108;
-19999;
-61958;
-18864;
18936;
-26041;
-59134;
-11249;
13504;
-32821;
-54928;
-6335;
10309;
-37958;
-50753;
-3031;
7457;
-39198;
-48342;
-1998;
4585;
-41260;
-43408;
-761;
-773;
-42044;
-37527;
2103;
-8872;
-44242;
-29773;
3010;
-15100;
-46254;
-22105;
3109;
-24656;
-44339;
-13477;
1186;
-33124;
-43345;
-4722;
-1633;
-40605;
-37190;
811;
-9203;
-44822;
-29362;
4920;
-16511;
-45719;
-23063;
3651;
-20671;
-45991;
-19155;
3896;
-23842;
-45961;
-17026;
3958;
-26909;
-45685;
-13806;
2673;
-29905;
-44883;
-10872;
1496;
-32016;
-41670;
-7851;
-3683;
-33198;
-38451;
-8858;
-5396;
-34084;
-34251;
-7671;
-10548;
-34160;
-28061;
-7731;
-17916;
-34039;
-17537;
-8808;
-29585;
-31121;
-9330;
-12876;
-36506;
-26052;
-3020;
-17919;
-40936;
-22889;
1037;
-20095;
-44450;
-19782;
2953;
-23343;
-46368;
-17707;
4845;
-25402;
-48171;
-16764;
5466;
-25252;
-47371;
-17483;
5290;
-23259;
-47271;
-20468;
3454;
-18319;
-44264;
-25801;
1003;
-14112;
-41320;
-30031;
-5033;
-10102;
-33561;
-35085;
-11522;
-3964;
-25203;
-43119;
-19859;
5887;
-18431;
-51992;
-27888;
15039;
-12207;
-63073;
-31142;
25853;
-10194;
-71826;
-33034;
34412;
-7626;
-79502;
-33118;
38759;
-8973;
-82505;
-32019;
41860;
-9994;
-82705;
-30391;
39782;
-12107;
-79725;
-29318;
35649;
-13766;
-75657;
-25832;
31592;
-16552;
-71449;
-22784;
26593;
-22917;
-64389;
-15815;
17862;
-28808;
-55667;
-8640;
8896;
-36173;
-44462;
-4639;
-2009;
-40542;
-34613;
520;
-13739;
-43568;
-22730;
2749;
-23112;
-44492;
-14547;
3617;
-32202;
-45630;
-7329;
3637;
-36404;
-46805;
-3208;
4654;
-39570;
-48222;
-1198;
6648;
-40775;
-50991;
-406;
9850;
-41742;
-53013;
-370;
13445;
-41657;
-56374;
-1405;
13826;
-39687;
-54335;
-4235;
13519;
-35530;
-53132;
-8329;
11233;
-29440;
-54266;
-14631;
12346;
-26284;
-54297;
-17592;
12694;
-22335;
-54001;
-20676;
11470;
-20206;
-52054;
-23655;
9531;
-15835;
-49152;
-26855;
4495;
-12712;
-44285;
-29845;
-685;
-9833;
-37099;
-34899;
-9098;
-4746;
-28936;
-38185;
-13662;
-2517;
-25864;
-40333;
-18568;
1201;
-21956;
-42864;
-21891;
1186;
-16655;
-43685;
-27042;
4008;
-12623;
-45902;
-32176;
5968;
-6621;
-50089;
-36586;
9115;
-3265;
-51190;
-40260;
9282;
-364;
-51055;
-42652;
9318;
3378;
-52120;
-46028;
10337;
3517;
-51417;
-45953;
8225;
4713;
-50506;
-46808;
8280;
2739;
-49596;
-43973;
3901;
1323;
-45687;
-43917;
3763;
-312;
-44764;
-41793;
1626;
-298;
-43543;
-41012;
583;
-3219;
-41661;
-38221;
428;
-4179;
-44393;
-36400;
5119;
-5540;
-49984;
-34543;
10704;
-10608;
-53622;
-29298;
11750;
-14779;
-55599;
-25081;
17103;
-19629;
-59183;
-21040;
17192;
-20002;
-61064;
-22104;
22775;
-20906;
-66845;
-21126;
25962;
-18595;
-70801;
-23095;
32617;
-19662;
-77475;
-21915;
38914;
-19654;
-81924;
-22297;
40033;
-18564;
-82194;
-23314;
40315;
-20006;
-80263;
-23057;
35761;
-18047;
-77508;
-25094;
35526;
-16964;
-74715;
-26880;
29116;
-13764;
-69855;
-29321;
29080;
-13937;
-70188;
-26892;
26770;
-14941;
-68435;
-26237;
25654;
-17943;
-64680;
-22141;
20106;
-22313;
-59136;
-19249;
12649;
-23154;
-52615;
-18634;
9384;
-25067;
-49412;
-15962;
3819;
-25357;
-45654;
-15891;
3695;
-27304;
-43864;
-14642;
1603;
-26252;
-45614;
-15766;
5532;
-27099;
-47605;
-13604;
3705;
-28223;
-44454;
-12362;
780;
-29015;
-40473;
-12571;
-1420;
-29023;
-40262;
-12172;
-3329;
-28238;
-38106;
-12097;
-568;
-31824;
-41116;
-7517;
-1403;
-34275;
-40062;
-6215;
-1417;
-36228;
-39186;
-5493;
-3590;
-35458;
-39040;
-6431;
-2599;
-36512;
-37134;
-5832;
-5768;
-36488;
-35871;
-6926;
-5822;
-34398;
-35997;
-9750;
-5013;
-30245;
-38935;
-12688;
-2908;
-27322;
-40967;
-16919;
3513;
-23550;
-47820;
-20068;
4966;
-17964;
-48808;
-28163;
10360;
-9766;
-53335;
-36088;
14545;
-556;
-58540;
-43905;
17832;
6324;
-58907;
-51233;
16982;
13280;
-58982;
-57461;
15001;
19615;
-55664;
-65851;
13711;
25004;
-55686;
-69942;
12938;
27147;
-53025;
-71650;
11959;
27984;
-53171;
-70094;
8622;
28856;
-50443;
-71225;
8301;
28091;
-49758;
-68459;
4998;
22972;
-48191;
-62506;
3788;
15311;
-43961;
-55362;
1470;
8621;
-43673;
-47151;
454;
306;
-42556;
-40257;
2429;
-5687;
-45593;
-32779;
3431;
-12008;
-45457;
-28197;
4253;
-16048;
-46296;
-24386;
3536;
-17825;
-45372;
-24365;
3741;
-19734;
-43715;
-22324;
1629;
-19089;
-44625;
-22642;
1443;
-18720;
-41496;
-23927;
-722;
-16704;
-42485;
-25389;
468;
-16848;
-42534;
-27019;
373;
-14949;
-42303;
-25754;
-1703;
-15918;
-39912;
-27344;
-2926;
-15541;
-38078;
-25457;
-5543;
-15894;
-36215;
-25774;
-6394;
-16685;
-33050;
-24084;
-10682;
-17018;
-30918;
-25357;
-12671;
-16595;
-26140;
-25495;
-16955;
-15950;
-25109;
-26378;
-18989;
-15035;
-19873;
-28636;
-24341;
-11611;
-15595;
-31772;
-27257;
-7809;
-13735;
-38101;
-27383;
-3766;
-14913;
-41254;
-26444;
2648;
-18942;
-48584;
-20307;
7120;
-23105;
-51610;
-18109;
11870;
-27070;
-57595;
-11991;
18947;
-32266;
-64566;
-5446;
24298;
-40893;
-68600;
3067;
28774;
-47518;
-73039;
9574;
32020;
-56053;
-75102;
17031;
35534;
-64240;
-78692;
26835;
36566;
-72932;
-77990;
34585;
36215;
-80137;
-77044;
41642;
29756;
-84020;
-70188;
41843;
26690;
-84905;
-67476;
42888;
22493;
-84114;
-63152;
40739;
15774;
-81044;
-54221;
35303;
7543;
-74473;
-46803;
28802;
-1232;
-66934;
-35327;
18362;
-9982;
-56184;
-27773;
8881;
-19358;
-44841;
-18460;
-4981;
-26910;
-31943;
-12224;
-16730;
-35094;
-17231;
-5375;
-30492;
-39618;
-7451;
1353;
-38722;
-48393;
812;
10274;
-45101;
-56928;
6076;
18940;
-51079;
-63456;
11125;
24529;
-54090;
-70097;
14017;
31556;
-58128;
-75158;
16383;
33870;
-56616;
-79526;
14194;
39470;
-54671;
-82920;
9042;
41390;
-47480;
-84545;
2764;
43031;
-41284;
-82816;
-6477;
40999;
-32371;
-81024;
-11656;
35115;
-26260;
-74545;
-20029;
28590;
-19898;
-65766;
-25048;
19008;
-13905;
-57054;
-29972;
10317;
-10830;
-45328;
-33996;
-4242;
-4817;
-33719;
-39427;
-17580;
-1742;
-18631;
-42615;
-32010;
1274;
-4255;
-42580;
-46342;
-4;
9228;
-42619;
-57455;
-1863;
19481;
-38724;
-67640;
-5896;
28574;
-34594;
-73139;
-12012;
32459;
-26199;
-77708;
-18556;
34007;
-21184;
-78058;
-24477;
34986;
-16239;
-78381;
-27387;
31484;
-12334;
-72645;
-33629;
27928;
-7922;
-66820;
-35879;
18647;
-4890;
-58467;
-38756;
8178;
-3018;
-45854;
-40509;
-5602;
-137;
-31761;
-42914;
-18558;
136;
-18221;
-43328;
-32598;
153;
-7443;
-42278;
-40920;
-2211;
-457;
-40130;
-46285;
-5273;
6215;
-35201;
-54183;
-10087;
12042;
-31212;
-58742;
-15173;
18735;
-27099;
-66339;
-15522;
186964;
-7108;
-158904;
-8361;
136992;
-6575;
-124365;
-35438;
123596;
26528;
-143425;
-68375;
151732;
43120;
-181436;
-60983;
157617;
21114;
-176342;
-38348;
121839;
11655;
-144565;
-43514;
91837;
26594;
-149139;
-58289;
107538;
26193;
-174913;
-43958;
120444;
-764;
-174454;
-30040;
97560;
-6161;
-151527;
13892;
18066;
-56987;
-61198;
17870;
17007;
-60358;
-58663;
16838;
17681;
-60596;
-60834;
19893;
18792;
-60862;
-61347;
19671;
19714;
-61022;
-59439;
15635;
17447;
-55518;
-61331;
13236;
18580;
-53565;
-58434;
6971;
17137;
-47608;
-60393;
5700;
17549;
-44819;
-59492;
-356;
19818;
-41417;
-62973;
-1458;
18966;
-38593;
-60493;
-5465;
18771;
-35396;
-58723;
-9509;
15680;
-28319;
-56679;
-16826;
12541;
-22031;
-52289;
-24843;
9301;
-13894;
-51031;
-29206;
8437;
-8321;
-48185;
-38753;
7085;
622;
-49145;
-44576;
6278;
6081;
-47109;
-52155;
5093;
12778;
-45298;
-56476;
-292;
19092;
-40372;
-64219;
-2403;
23342;
-38483;
-67201;
-4556;
28341;
-37298;
-71512;
-5474;
29547;
-35408;
-73398;
-6639;
31632;
-37334;
-72652;
-4403;
31376;
-38303;
-74479;
-1534;
30317;
-41463;
-69086;
-1354;
24468;
-41303;
-64334;
536;
19099;
-42500;
-57750;
675;
13557;
-44341;
-53384;
3648;
8133;
-45513;
-47577;
4650;
4720;
-47461;
-44597;
6789;
-329;
-48556;
-40299;
7752;
-2408;
-49598;
-37480;
7914;
-6635;
-47681;
-34357;
5669;
-10493;
-46763;
-30212;
1886;
-11690;
-42471;
-30137;
651;
-12626;
-40638;
-29035;
-3397;
-11778;
-38377;
-30224;
-3372;
-13597;
-35600;
-27981;
-7593;
-12734;
-34449;
-28108;
-8446;
-13741;
-32487;
-28941;
-10587;
-11743;
-31400;
-30187;
-11457;
-11752;
-30248;
-30086;
-11531;
-11778;
-29297;
-28050;
-14534;
-12969;
-27095;
-28243;
-13724;
-15726;
-26283;
-25067;
-16771;
-15882;
-25994;
-25192;
-13784;
-18755;
-27274;
-20946;
-16738;
-21081;
-26033;
-19127;
-16654;
-24927;
-24147;
-15797;
-17819;
-26936;
-23107;
-12827;
-19832;
-30182;
-22012;
-10759;
-19805;
-32176;
-21148;
-7759;
-22703;
-33465;
-19840;
-9748;
-21915;
-33116;
-18114;
-9634;
-25028;
-30263;
-18732;
-12870;
-21953;
-30016;
-20096;
-12720;
-22787;
-27103;
-19794;
-16915;
-20738;
-23038;
-20018;
-20822;
-22029;
-19916;
-19991;
-23883;
-21818;
-15879;
-19898;
-28943;
-20919;
-11668;
-20090;
-31125;
-22853;
-8820;
-19866;
-35162;
-19813;
-6494;
-22093;
-36122;
-20005;
-4572;
-22835;
-37469;
-18839;
-6435;
-21092;
-35307;
-21935;
-6496;
-18000;
-34381;
-24974;
-9472;
-14906;
-32212;
-28165;
-11534;
-12791;
-29090;
-31151;
-12754;
-8670;
-29070;
-34198;
-14529;
-5670;
-25081;
-38268;
-16769;
-2481;
-24088;
-39312;
-19705;
-740;
-20899;
-44305;
-20839;
2566;
-18947;
-45474;
-23887;
6799;
-17828;
-48929;
-22911;
6984;
-19051;
-49815;
-22948;
8977;
-19786;
-50963;
-20880;
9032;
-19985;
-52864;
-20029;
11129;
-23021;
-51204;
-18762;
8049;
-24062;
-49886;
-17012;
7264;
-26136;
-47892;
-16816;
6023;
-25951;
-49819;
-13833;
8166;
-28168;
-50845;
-13734;
10884;
-29903;
-52196;
-10619;
7936;
-31312;
-49521;
-10626;
7861;
-31225;
-47737;
-10580;
3899;
-31296;
-45435;
-9757;
1848;
-33156;
-41631;
-8405;
-1439;
-33199;
-40429;
-7533;
-3385;
-33345;
-37332;
-9626;
-4443;
-32195;
-36273;
-9808;
-7362;
-30357;
-31200;
-14792;
-11628;
-25886;
-27373;
-16768;
-16796;
-22001;
-25046;
-21001;
-18790;
-18850;
-21055;
-26023;
-22844;
-13872;
-18737;
-29227;
-23772;
-10828;
-15820;
-34131;
-26025;
-5619;
-14869;
-38220;
-30081;
-515;
-9711;
-44276;
-32359;
3771;
-9808;
-45512;
-35060;
7772;
-6416;
-50986;
-35277;
9136;
-5626;
-49991;
-37159;
7895;
-4398;
-50057;
-37222;
6206;
-2647;
-47804;
-39369;
6094;
-3391;
-46054;
-38254;
2965;
-2539;
-44848;
-39364;
1977;
-2411;
-41889;
-39171;
-2246;
-1424;
-38726;
-37526;
-6102;
-5553;
-33540;
-36203;
-9564;
-6602;
-31599;
-32287;
-14361;
-10847;
-25123;
-30202;
-17724;
-14661;
-23102;
-25066;
-20702;
-17899;
-20850;
-22051;
-21886;
-21885;
-17949;
-17845;
-25808;
-25146;
-14749;
-14873;
-27884;
-29061;
-11812;
-12769;
-31124;
-31033;
-10562;
-8730;
-31091;
-35189;
-9584;
-5474;
-31275;
-39170;
-11614;
2115;
-30135;
-45108;
-11659;
3335;
-28216;
-47952;
-13774;
7286;
-28013;
-50318;
-14657;
8336;
-26107;
-51182;
-15924;
8411;
-25105;
-50204;
-18771;
8380;
-20929;
-50114;
-22019;
6409;
-17008;
-47993;
-27951;
7176;
-11741;
-49170;
-31147;
6380;
-8785;
-48030;
-37216;
5394;
-4420;
-44234;
-39337;
-1049;
448;
-39273;
-44578;
-4186;
2786;
-33491;
-46411;
-10548;
5809;
-28282;
-47654;
-15612;
6765;
-23255;
-49598;
-19896;
7781;
-20076;
-49732;
-23766;
7809;
-15871;
-49642;
-26033;
4971;
-13927;
-44575;
-28981;
1774;
-11859;
-42471;
-30124;
-2125;
-9816;
-35353;
-33229;
-7516;
-7644;
-30520;
-35137;
-14510;
-5709;
-25221;
-36354;
-18718;
-5547;
-20244;
-36309;
-22803;
-5681;
-17946;
-35383;
-25780;
-8656;
-13997;
-33213;
-28986;
-10680;
-11907;
-29188;
-32980;
-14766;
-6738;
-27093;
-34316;
-16677;
-6734;
-24000;
-36128;
-17916;
-4606;
-25007;
-36393;
-18695;
-6703;
-21974;
-35220;
-21784;
-7608;
-17847;
-34225;
-24857;
-7787;
-16801;
-32244;
-25919;
-11676;
-13809;
-29993;
-29015;
-12882;
-13587;
-26965;
-28023;
-15903;
-11798;
-24883;
-29215;
-17970;
-14560;
-21099;
-27066;
-23098;
-13770;
-18734;
-27181;
-25014;
-15728;
-14802;
-26968;
-29066;
-12694;
-11655;
-29219;
-31122;
-11704;
-10686;
-30239;
-31186;
-12557;
-10716;
-28099;
-30183;
-13818;
-13583;
-27145;
-26108;
-16666;
-16811;
-25042;
-23086;
-15868;
-20766;
-25172;
-19935;
-18757;
-22969;
-23928;
-17974;
-16782;
-26872;
-23125;
-12785;
-20887;
-29018;
-19849;
-10842;
-22005;
-33089;
-18041;
-6577;
-25944;
-36182;
-13807;
-3618;
-32001;
-38413;
-7634;
-3536;
-35238;
-38443;
-5537;
-4569;
-38253;
-36365;
-3455;
-7480;
-37283;
-34249;
-3658;
-7525;
-39298;
-33171;
-3490;
-9680;
-37347;
-32184;
-4674;
-9669;
-38363;
-31337;
-4415;
-11760;
-35344;
-31125;
-8567;
-11673;
-33235;
-30085;
-9522;
-12678;
-32129;
-28088;
-10419;
-15648;
-28236;
-25941;
-14704;
-15775;
-27000;
-26042;
-16629;
-16833;
-21112;
-25851;
-22037;
-13778;
-20911;
-28195;
-21807;
-13624;
-18910;
-28900;
-22073;
-10659;
-20831;
-31159;
-19908;
-9641;
-21035;
-32152;
-20974;
-9626;
-21902;
-32184;
-18892;
-8662;
-23029;
-33237;
-17894;
-7598;
-24054;
-35119;
-16871;
-4663;
-26998;
-37363;
-13635;
-5568;
-28176;
-36289;
-11834;
-4680;
-32084;
-37455;
-8627;
-4531;
-33329;
-37369;
-7760;
-4473;
-35306;
-37341;
-5563;
-4524;
-36330;
-37394;
-4595;
-5460;
-38321;
-36307;
-3532;
-5563;
-38360;
-35318;
-3539;
-8566;
-38501;
-33123;
-4487;
-9555;
-37355;
-31154;
-5363;
-12589;
-34431;
-28484;
-8527;
-13297;
-32329;
-28155;
-10517;
-13796;
-30188;
-27649;
-12723;
-15229;
-28153;
-26592;
-14234;
-15251;
-26665;
-26514;
-16726;
-16153;
-23057;
-25464;
-20243;
-16210;
-19413;
-24555;
-23353;
-17802;
-16408;
-22829;
-26498;
-17913;
-14431;
-21991;
-28475;
-19870;
-12479;
-22845;
-30653;
-18848;
-11294;
-22479;
-30584;
-19450;
-11736;
-21992;
-29067;
-20928;
-13250;
-20444;
-27563;
-21498;
-14801;
-19525;
-27622;
-23298;
-14344;
-17918;
-27146;
-22891;
-16769;
-18041;
-24513;
-24924;
-17296;
-17384;
-24016;
-25069;
-18720;
-17811;
-22413;
-25028;
-19382;
-18708;
-21986;
-22747;
-20902;
-17906;
-20959;
-22964;
-21973;
-19835;
-19932;
-21875;
-21538;
-20970;
-21297;
-19989;
-20314;
-23007;
-21324;
-18855;
-19854;
-24055;
-22021;
-16739;
-20856;
-25608;
-21918;
-16138;
-17944;
-26359;
-24509;
-13133;
-17269;
-29119;
-24906;
-10710;
-15666;
-32158;
-27528;
-7563;
-13112;
-34437;
-29009;
-6574;
-11663;
-36216;
-30215;
-5438;
-10843;
-36287;
-32128;
-3559;
-10700;
-37992;
-32106;
-3998;
-8128;
-37453;
-34672;
-3548;
-6953;
-38534;
-34249;
-3482;
-6704;
-38380;
-34892;
-3390;
-9115;
-38464;
-33161;
-4399;
-10536;
-37412;
-30155;
-5434;
-13479;
-36379;
-26060;
-5451;
-16678;
-36291;
-23930;
-6410;
-18264;
-35268;
-22405;
-5504;
-20294;
-35876;
-20423;
-7885;
-20463;
-34187;
-20553;
-8588;
-23244;
-32684;
-17394;
-11027;
-25469;
-30674;
-15771;
-12495;
-26893;
-28162;
-15234;
-15002;
-25486;
-26517;
-15364;
-16085;
-25588;
-25547;
-17287;
-16281;
-24024;
-24553;
-18894;
-18144;
-23956;
-22960;
-18837;
-18806;
-22404;
-20911;
-20385;
-22706;
-19438;
-19206;
-22965;
-22412;
-19793;
-17273;
-22804;
-24551;
-16853;
-16184;
-25958;
-25014;
-14778;
-14816;
-27998;
-28675;
-11645;
-13094;
-30279;
-29070;
-11642;
-11741;
-31035;
-30238;
-10565;
-11285;
-31160;
-31681;
-9181;
-10110;
-32710;
-32745;
-9228;
-8630;
-32263;
-34223;
-8704;
-9430;
-33302;
-30077;
-10559;
-10689;
-31590;
-31318;
-8210;
-12501;
-32786;
-29171;
-11115;
-13597;
-28545;
-28598;
-13715;
-13910;
-27148;
-25579;
-16721;
-16218;
-22898;
-24463;
-20860;
-17781;
-18962;
-23929;
-23935;
-18324;
-15939;
-23558;
-27837;
-17275;
-12782;
-25505;
-29158;
-15200;
-12392;
-26010;
-31497;
-13879;
-9187;
-30994;
-31678;
-10584;
-9348;
-31033;
-34144;
-8745;
-7537;
-33263;
-34272;
-8630;
-7525;
-33224;
-34751;
-8633;
-6004;
-34195;
-35814;
-7563;
-5958;
-35104;
-34891;
-6023;
-7993;
-34724;
-34743;
-5138;
-7932;
-37866;
-32664;
-5895;
-9046;
-34893;
-32179;
-6986;
-9641;
-36298;
-31182;
-5308;
-10683;
-35375;
-32156;
-5496;
-10599;
-36369;
-31669;
-7398;
-10113;
-34230;
-31783;
-6501;
-12060;
-34300;
-29666;
-7507;
-14069;
-33762;
-26615;
-9055;
-17114;
-30688;
-24467;
-12216;
-17126;
-29565;
-23135;
-14051;
-17795;
-24526;
-25994;
-16430;
-15630;
-23610;
-26535;
-20275;
-13123;
-20554;
-30558;
-23445;
-9906;
-17428;
-31672;
-26380;
-8028;
-15266;
-35825;
-25583;
-5844;
-15460;
-35767;
-28460;
-4975;
-14179;
-35913;
-28451;
-6005;
-12708;
-36768;
-29167;
-4011;
-14644;
-36919;
-27031;
-4971;
-14697;
-37364;
-26128;
-6368;
-17698;
-33352;
-24821;
-9623;
-18632;
-32380;
-21766;
-12335;
-19811;
-27239;
-21873;
-16546;
-20781;
-24046;
-18792;
-19541;
-22999;
-19057;
-18725;
-23886;
-23933;
-15945;
-16668;
-28947;
-25057;
-11643;
-15791;
-30054;
-27017;
-8814;
-14719;
-34020;
-26094;
-6639;
-15799;
-36041;
-27060;
-3645;
-15613;
-39248;
-25001;
-1498;
-14770;
-42288;
-26142;
2473;
-16691;
-44431;
-24066;
3551;
-17814;
-46431;
-22117;
5628;
-21736;
-47499;
-19963;
6555;
-22812;
-49477;
-17892;
6700;
-24922;
-46596;
-16804;
4524;
-25875;
-46518;
-14870;
2665;
-27047;
-45339;
-15804;
3647;
-25977;
-45338;
-14892;
2638;
-26114;
-43398;
-16930;
1674;
-26849;
-41490;
-15673;
-1521;
-25982;
-40309;
-15756;
-3407;
-26022;
-35279;
-17663;
-8625;
-22790;
-33080;
-18865;
-10603;
-21921;
-29061;
-20784;
-12854;
-20840;
-29049;
-20905;
-14693;
-19896;
-26947;
-22917;
-14720;
-18809;
-25006;
-21944;
-18851;
-18926;
-22886;
-23944;
-19833;
-18778;
-19910;
-22902;
-23836;
-16767;
-15761;
-25075;
-26910;
-16881;
-12711;
-25969;
-29150;
-14768;
-13573;
-27132;
-29024;
-14729;
-11693;
-27049;
-30157;
-14702;
-12739;
-27095;
-29955;
-12698;
-11661;
-29289;
-28073;
-13655;
-12801;
-28160;
-30097;
-12751;
-12627;
-30156;
-29024;
-11600;
-12795;
-30181;
-29208;
-9592;
-14663;
-32314;
-27072;
-11558;
-15667;
-30149;
-25055;
-11650;
-18635;
-29259;
-22887;
-13727;
-19675;
-27200;
-19954;
-15707;
-22868;
-24094;
-18875;
-18780;
-22934;
-21043;
-16872;
-24792;
-25096;
-14775;
-16719;
-28069;
-25888;
-11806;
-14651;
-32155;
-27023;
-7712;
-14749;
-35163;
-27092;
-4699;
-14784;
-39160;
-26062;
-2478;
-14916;
-39334;
-28055;
-1583;
-14729;
-40456;
-27031;
-1509;
-12770;
-41482;
-29138;
509;
-13672;
-42456;
-28077;
622;
-11762;
-42471;
-30262;
774;
-12667;
-40480;
-29181;
-1458;
-13588;
-39490;
-27042;
-4478;
-15691;
-36343;
-24933;
-6669;
-17852;
-34264;
-22944;
-9553;
-18966;
-31065;
-23969;
-9797;
-18759;
-31143;
-21928;
-11775;
-17930;
-30092;
-24051;
-12785;
-18729;
-28238;
-22895;
-15823;
-17826;
-25063;
-24133;
-17853;
-19716;
-23948;
-21963;
-18850;
-20789;
-21916;
-20003;
-21779;
-21872;
-19754;
-19810;
-21025;
-22854;
-19941;
-18797;
-23006;
-21998;
-19785;
-20893;
-19962;
-20905;
-21870;
-19929;
-20895;
-22045;
-20706;
-20899;
-19796;
-22878;
-20892;
-17765;
-20979;
-23899;
-20949;
-17808;
-21049;
-23896;
-21959;
-17774;
-19961;
-23954;
-20924;
-17871;
-21955;
-23055;
-20747;
-19817;
-19974;
-22838;
-19897;
-18722;
-23083;
-19924;
-19702;
-22980;
-21071;
-18859;
-21014;
-22959;
-22965;
-17882;
-19750;
-25007;
-20942;
-16807;
-21854;
-25068;
-19920;
-16873;
-22801;
-26053;
-18816;
-15709;
-22895;
-26065;
-16975;
-15703;
-25023;
-26050;
-17862;
-13801;
-25946;
-28167;
-13818;
-14659;
-28138;
-27144;
-13883;
-13792;
-29813;
-29209;
-9663;
-14571;
-32153;
-27013;
-9663;
-13678;
-33128;
-27135;
-6671;
-15676;
-36294;
-24973;
-4624;
-16788;
-37228;
-24076;
-4488;
-17940;
-37258;
-24033;
-2675;
-18822;
-39362;
-23052;
-4487;
-17869;
-37219;
-24074;
-2543;
-18669;
-38470;
-22936;
-5609;
-16851;
-36230;
-25066;
-5567;
-16830;
-36364;
-26004;
-5530;
-13793;
-36216;
-28249;
-4469;
-12754;
-36405;
-30008;
-5591;
-10759;
-35291;
-32122;
-7568;
-7735;
-34240;
-35104;
-7629;
-5634;
-34214;
-36347;
-8567;
-3607;
-33092;
-38452;
-7744;
-4500;
-33251;
-37323;
-9600;
-4578;
-32075;
-37451;
-8775;
-5476;
-33311;
-36210;
-8742;
-5494;
-33278;
-35504;
-9564;
-7554;
-32263;
-34298;
-9606;
-9488;
-33203;
-32241;
-8522;
-9660;
-34185;
-32226;
-5620;
-11502;
-36272;
-30128;
-4601;
-12701;
-39261;
-28119;
-1531;
-15638;
-40425;
-24935;
-445;
-17773;
-43329;
-22999;
1692;
-19770;
-43559;
-21931;
2561;
-20794;
-44444;
-19928;
2616;
-21859;
-44524;
-19826;
3534;
-21850;
-45465;
-19874;
1662;
-21018;
-42509;
-20936;
536;
-21887;
-41493;
-19882;
-2423;
-20963;
-39217;
-19885;
-3402;
-21023;
-36443;
-21842;
-6586;
-18949;
-35179;
-21908;
-8515;
-19993;
-31210;
-21810;
-10738;
-20963;
-30150;
-19944;
-13627;
-23140;
-26034;
-18728;
-16874;
-25026;
-24008;
-14752;
-19730;
-28097;
-20875;
-11720;
-20985;
-32145;
-18933;
-7642;
-24913;
-34319;
-15699;
-5668;
-27102;
-37379;
-11736;
-5458;
-31154;
-36293;
-9654;
-4594;
-35219;
-37316;
-4619;
-6317;
-37439;
-34258;
-4597;
-8500;
-38229;
-31243;
-3562;
-11634;
-37391;
-29158;
-5511;
-12790;
-36181;
-27264;
-5566;
-15822;
-36268;
-25987;
-5642;
-17767;
-36284;
-22097;
-7500;
-20895;
-34182;
-20938;
-7711;
-22782;
-33207;
-18865;
-11469;
-22078;
-29986;
-19876;
-12598;
-22826;
-25245;
-19809;
-17734;
-21931;
-23909;
-18846;
-18834;
-22931;
-20955;
-19700;
-21998;
-22002;
-19706;
-18971;
-23879;
-24039;
-15731;
-18757;
-27073;
-23873;
-12624;
-16842;
-30098;
-25104;
-9546;
-17709;
-32333;
-24857;
-7654;
-15727;
-37243;
-24021;
-4385;
-16951;
-37326;
-25925;
-2521;
-16781;
-39490;
-25034;
-3354;
-15885;
-39275;
-26062;
-494;
-17633;
-41578;
-23949;
-2324;
-15821;
-39324;
-25052;
-2455;
-17769;
-38525;
-24008;
-5352;
-16906;
-36345;
-25146;
-7448;
-17764;
-32272;
-24001;
-11614;
-16846;
-30127;
-25118;
-13488;
-15890;
-26213;
-27885;
-15812;
-13603;
-26090;
-28116;
-18641;
-11802;
-22946;
-30195;
-18801;
-12644;
-20977;
-29145;
-22760;
-10782;
-17744;
-31278;
-23993;
-11542;
-15838;
-31067;
-27988;
-8681;
-13682;
-32273;
-28071;
-9660;
-12799;
-32143;
-28169;
-8740;
-15595;
-33368;
-25922;
-8654;
-13752;
-34265;
-26081;
-9513;
-14906;
-31299;
-27945;
-9668;
-13773;
-32301;
-25222;
-11546;
-14986;
-29165;
-28070;
-11883;
-14707;
-29176;
-27057;
-14655;
-13878;
-27144;
-28091;
-14770;
-14602;
-27256;
-26106;
-15678;
-13856;
-26919;
-28251;
-14676;
-14866;
-25060;
-28007;
-16726;
-12902;
-26019;
-27319;
-15670;
-16824;
-24210;
-26848;
-15965;
-14714;
-27109;
-26101;
-16647;
-16021;
-25021;
-27956;
-14850;
-16663;
-27102;
-24986;
-15659;
-15814;
-27024;
-26044;
-14737;
-17634;
-24193;
-23940;
-18776;
-16793;
-23025;
-25052;
-19797;
-18695;
-20121;
-22836;
-22924;
-18963;
-19753;
-20959;
-22767;
-21982;
-15997;
-21616;
-27061;
-19849;
-15836;
-20897;
-28840;
-21915;
-11720;
-19622;
-29025;
-22905;
-11909;
-16718;
-32954;
-22176;
-9601;
-17922;
-32059;
-27939;
-7813;
-13626;
-34184;
-27239;
-11514;
-12762;
-29934;
-32023;
-9795;
-8501;
-32121;
-33299;
-12581;
-4144;
-29959;
-37924;
-11693;
-5873;
-30071;
-35749;
-12510;
-4084;
-28818;
-37949;
-12746;
-4958;
-26074;
-36843;
-15841;
-5052;
-28776;
-35059;
-13642;
-7084;
-26937;
-38657;
-13910;
-2698;
-27961;
-34964;
-17717;
-5164;
-23753;
-40909;
-15031;
-2733;
-25938;
-38021;
-17665;
-4128;
-23694;
-36940;
-15933;
-9213;
-25089;
-32067;
-16855;
-9596;
-24969;
-30248;
-17872;
-13470;
-22938;
-29028;
-15968;
-13716;
-29817;
-26184;
-13518;
-16807;
-25012;
-26976;
-15991;
-18561;
-26961;
-19156;
-17833;
-24836;
-23771;
-18643;
-14256;
-26505;
-28171;
-8776;
-15809;
-33186;
-28865;
-7772;
-10776;
-37069;
-31112;
-4422;
-10700;
-37206;
-31024;
-51;
-11670;
-45370;
-30069;
3869;
-9816;
-45242;
-35128;
6609;
-9236;
-47536;
-28070;
3776;
-11903;
-48333;
-32992;
10640;
-9495;
-50769;
-33119;
7780;
-3833;
-51433;
-38482;
11830;
-4461;
-51895;
-40273;
8872;
542;
-52525;
-40648;
9857;
-2396;
-49833;
-40311;
8650;
-2446;
-52742;
-39358;
5679;
2090;
-43668;
-43991;
1676;
230;
-43318;
-41037;
-226;
1940;
-43217;
-44849;
2676;
1284;
-40745;
-42477;
-3351;
2519;
-40261;
-40845;
-1869;
-3324;
-38026;
-40367;
-3913;
-1416;
-38737;
-37772;
-4225;
-6532;
-35417;
-35300;
-1958;
-8592;
-39968;
-31419;
-5792;
-8764;
-34879;
-33494;
-4209;
-12460;
-38018;
-30122;
-5935;
-9699;
-35199;
-30452;
-4527;
-16608;
-34569;
-25901;
-6712;
-12747;
-37245;
-27956;
-6583;
-16226;
-31448;
-27393;
-10364;
-13106;
-33825;
-24739;
-10063;
-17273;
-28896;
-26624;
-12847;
-14272;
-28293;
-26712;
-18000;
-13465;
-21354;
-29695;
-17524;
-14214;
-21770;
-26600;
-21968;
-14795;
-21050;
-26317;
-21118;
-17266;
-19621;
-25489;
-24460;
-13952;
-18356;
-26379;
-24330;
-17746;
-14453;
-25109;
-26765;
-15953;
-16815;
-23249;
-25878;
-20885;
-14125;
-20839;
-26262;
-20763;
-16922;
-17160;
-26010;
-26073;
-14889;
-14873;
-25148;
-30036;
-17878;
-11893;
-24484;
-27170;
-19264;
-13910;
-21841;
-30026;
-17110;
-11870;
-24109;
-27606;
-19876;
-12469;
-20951;
-30189;
-18138;
-12758;
-22964;
-28130;
-21899;
-11134;
-18866;
-30249;
-20553;
-15785;
-19533;
-26080;
-21688;
-17920;
-21476;
-22878;
-21518;
-21883;
-19585;
-17784;
-24502;
-25994;
-19246;
-10830;
-26484;
-31461;
-13819;
-13627;
-27213;
-29970;
-14845;
-9757;
-31076;
-31460;
-9709;
-12541;
-30244;
-32062;
-10837;
-7598;
-35012;
-34323;
-8465;
-7607;
-30184;
-39185;
-11841;
-3197;
-31983;
-37377;
-11465;
-2440;
-31921;
-41462;
-9613;
-1739;
-30952;
-39074;
-11531;
-1850;
-31932;
-41981;
-8616;
-675;
-28396;
-40861;
-14762;
1089;
-30057;
-42959;
-10582;
128;
-27357;
-42812;
-14883;
246;
-32015;
-43047;
-10991;
1251;
-28622;
-43770;
-11316;
1323;
-34528;
-39109;
-7907;
-1998;
-36593;
-41958;
-2970;
-1768;
-35842;
-37976;
-7029;
-4620;
-35677;
-35409;
-5046;
-10425;
-36422;
-28339;
-6677;
-13599;
-39200;
-27161;
-3394;
-16627;
-34465;
-26964;
-8072;
-16703;
-34547;
-22991;
-9752;
-17776;
-27751;
-22218;
-14816;
-21291;
-28025;
-18516;
-15454;
-21434;
-26126;
-20457;
-11206;
-22120;
-27905;
-17615;
-16244;
-23511;
-27407;
-16528;
-12228;
-25626;
-27511;
-17353;
-14156;
-21554;
-26181;
-19468;
-14832;
-24290;
-22313;
-17286;
-18103;
-24369;
-26124;
-13553;
-15217;
-26427;
-26479;
-19062;
-13431;
-23543;
-27602;
-15585;
-14328;
-27259;
-27231;
-12320;
-11996;
-31567;
-28587;
-9222;
-18271;
-33665;
-24507;
-6192;
-16461;
-37883;
-24728;
-5009;
-17401;
-38928;
-26524;
-4131;
-17369;
-39717;
-22582;
-3922;
-20638;
-36728;
-24295;
-5026;
-20271;
-36391;
-19455;
-7464;
-24367;
-33659;
-17283;
-6381;
-27520;
-36415;
-14580;
-7524;
-27094;
-36335;
-14263;
-6716;
-33399;
-36648;
-7016;
-4826;
-34174;
-39677;
-7677;
-1654;
-34635;
-38743;
-8039;
-1730;
-35474;
-37444;
-5947;
-4557;
-33739;
-36851;
-8927;
-5107;
-34630;
-39860;
-2739;
-2945;
-38123;
-41352;
-5707;
3615;
-36949;
-46406;
-5643;
2752;
-32073;
-44369;
-9282;
1770;
-34408;
-39526;
-5168;
-4254;
-33773;
-38402;
-7423;
-3328;
-34934;
-34568;
-7995;
-9611;
-34478;
-31252;
-5423;
-12582;
-37569;
-28529;
-2495;
-10073;
-40674;
-33034;
-1242;
-8550;
-34335;
-31361;
-11009;
-10787;
-30599;
-26476;
-10250;
-19647;
-30829;
-21901;
-11499;
-14401;
-31651;
-25673;
-12107;
-16477;
-25831;
-27559;
-14707;
-15213;
-27086;
-22926;
-16679;
-19451;
-22880;
-21452;
-17140;
-22593;
-25094;
-18454;
-18909;
-20607;
-22160;
-22520;
-22081;
-24294;
-16982;
-14442;
-26237;
-27669;
-20104;
-13436;
-22381;
-28823;
-16291;
-14262;
-26509;
-26676;
-16317;
-14560;
-25690;
-30936;
-15377;
-10448;
-25757;
-33076;
-18391;
-8723;
-26726;
-32263;
-12645;
-10722;
-29153;
-34126;
-13504;
-8427;
-28926;
-28292;
-12647;
-14775;
-29118;
-29812;
-10654;
-11561;
-31355;
-28306;
-13549;
-15686;
-26054;
-26096;
-13784;
-18790;
-28182;
-21034;
-15539;
-22918;
-25925;
-18247;
-12871;
-24376;
-29283;
-18233;
-14716;
-24182;
-26981;
-13289;
-16915;
-29628;
-21438;
-12162;
-22280;
-31625;
-19408;
-4773;
-26412;
-38339;
-12235;
-6413;
-29671;
-36044;
-12306;
-3490;
-34663;
-38192;
-5040;
-3514;
-36957;
-38242;
-4926;
-3550;
-40683;
-35520;
1165;
-8609;
-43831;
-33251;
4151;
-9118;
-47752;
-32671;
6313;
-7272;
-48020;
-35725;
7310;
-6934;
-47210;
-33835;
1880;
-4553;
-43198;
-37605;
3718;
-7837;
-41649;
-35711;
-2256;
-3009;
-39213;
-39982;
-1399;
-1769;
-35565;
-41904;
-8660;
3137;
-32295;
-45020;
-12553;
5137;
-25365;
-48054;
-18843;
6140;
-21085;
-47109;
-23889;
6134;
-17919;
-47097;
-22038;
3188;
-20033;
-45030;
-23879;
5148;
-17961;
-47105;
-23961;
2032;
-16001;
-43533;
-27939;
2725;
-12747;
-42685;
-30119;
-2341;
-8703;
-38397;
-34147;
-5487;
-9550;
-33503;
-32061;
-11612;
-10679;
-30216;
-28185;
-12569;
-15763;
-30194;
-27089;
-7190;
-15676;
-37830;
-25064;
-5912;
-14956;
-36717;
-30998;
-3027;
-11731;
-36867;
-29131;
-9852;
-12861;
-31562;
-29145;
-8975;
-14713;
-30806;
-27086;
-13064;
-14661;
-28576;
-27059;
-13225;
-15501;
-26608;
-24894;
-15304;
-17751;
-27583;
-21953;
-13209;
-19929;
-28693;
-23783;
-12165;
-15710;
-27772;
-24075;
-20524;
-14542;
-17998;
-27273;
-24010;
-17422;
-15984;
-20222;
-27930;
-20874;
-15662;
-21212;
-23030;
-20813;
-18006;
-23233;
-25919;
-16737;
-13780;
-25396;
-30122;
-18580;
-9680;
-21355;
-32275;
-23606;
-12606;
-17068;
-29087;
-22843;
-12778;
-24198;
-28062;
-16673;
-11711;
-24457;
-34046;
-19582;
-7403;
-20221;
-31366;
-25621;
-11671;
-14598;
-29213;
-23046;
-14685;
-19756;
-27113;
-21893;
-10243;
-20823;
-32658;
-22918;
-9102;
-15980;
-33774;
-29913;
-9983;
-10759;
-29806;
-31231;
-14067;
-10584;
-27598;
-30166;
-12406;
-13643;
-29724;
-29875;
-10292;
-6985;
-35734;
-37386;
-6954;
-3574;
-31834;
-38487;
-11309;
-6465;
-31576;
-30897;
-10360;
-11947;
-33678;
-32631;
-5211;
-8712;
-36948;
-32804;
-7196;
-6755;
-34071;
-34189;
-7481;
-9760;
-31091;
-29035;
-10684;
-14106;
-32226;
-25812;
-8802;
-16972;
-33238;
-24676;
-8659;
-15125;
-33210;
-25978;
-12604;
-18064;
-25171;
-22962;
-17931;
-23213;
-24922;
-14489;
-16903;
-27689;
-25085;
-18383;
-15922;
-22014;
-25334;
-19732;
-20809;
-20967;
-18911;
-21830;
-24884;
-22903;
-12227;
-17841;
-30593;
-24246;
-13047;
-16700;
-26455;
-24193;
-14323;
-19754;
-26533;
-20911;
-15348;
-20747;
-27547;
-20811;
-12165;
-21779;
-26823;
-19999;
-15275;
-19778;
-26529;
-20437;
-14328;
-23752;
-25600;
-19888;
-16565;
-19907;
-25499;
-20899;
-19647;
-20877;
-19683;
-21753;
-24647;
-20864;
-17531;
-18044;
-28894;
-24060;
-12665;
-18093;
-28220;
-26029;
-15693;
-15812;
-26061;
-23000;
-17774;
-21890;
-23034;
-18823;
-17934;
-25896;
-26029;
-12793;
-15772;
-28197;
-27935;
-15666;
-11683;
-26103;
-29981;
-17654;
-13486;
-19236;
-27980;
-24902;
-13510;
-17745;
-23244;
-24895;
-20811;
-14694;
-20955;
-24141;
-20960;
-19801;
-18907;
-21954;
-23009;
-17962;
-19898;
-23121;
-21931;
-17897;
-20011;
-26791;
-20036;
-13831;
-22992;
-29059;
-18865;
-9840;
-23073;
-34105;
-17899;
-8610;
-24095;
-33236;
-17790;
-6733;
-28476;
-34358;
-10192;
-10626;
-31799;
-31153;
-9112;
-11704;
-35625;
-28251;
-5032;
-16689;
-34832;
-26889;
-7171;
-14818;
-35629;
-25131;
-7137;
-18812;
-34766;
-22844;
-5098;
-20710;
-36918;
-20822;
-6994;
-17884;
-32744;
-24037;
-10197;
-20734;
-29691;
-20860;
-13147;
-17900;
-27577;
-23974;
-16158;
-19738;
-21334;
-22813;
-22810;
-16840;
-19005;
-22898;
-25817;
-19943;
-13007;
-21804;
-29059;
-18868;
-14695;
-21046;
-26996;
-20051;
-13712;
-22886;
-27202;
-18955;
-13933;
-23978;
-29997;
-15928;
-11771;
-26160;
-30316;
-18723;
-11687;
-22904;
-30191;
-15993;
-13738;
-26210;
-29026;
-16652;
-11646;
-27035;
-30110;
-12823;
-12662;
-27224;
-30029;
-16782;
-10695;
-26813;
-29249;
-11868;
-14697;
-31157;
-27966;
-9697;
-11729;
-33081;
-30203;
-9627;
-12617;
-32088;
-29131;
-9675;
-13635;
-31198;
-27067;
-12589;
-12730;
-29097;
-29250;
-10745;
-14642;
-31260;
-27069;
-12602;
-12786;
-29208;
-29219;
-12500;
-13630;
-26315;
-29127;
-17821;
-10762;
-25880;
-31223;
-14787;
-10772;
-26145;
-32051;
-17693;
-9745;
-24047;
-32237;
-19666;
-10585;
-20875;
-31159;
-20893;
-11628;
-20767;
-30185;
-21998;
-9774;
-20838;
-33113;
-19940;
-10529;
-19987;
-31129;
-23789;
-8625;
-17857;
-33314;
-22989;
-10554;
-17910;
-31162;
-24888;
-9587;
-17682;
-31279;
-22961;
-10526;
-18867;
-32148;
-21852;
-8511;
-20793;
-33245;
-18792;
-7647;
-22961;
-34227;
-16822;
-7647;
-25967;
-34277;
-14775;
-5647;
-28000;
-36319;
-11797;
-6549;
-30267;
-35208;
-12793;
-5603;
-31034;
-35311;
-10785;
-8600;
-30135;
-33140;
-11733;
-7792;
-31079;
-33301;
-11648;
-9621;
-29091;
-32254;
-12777;
-11538;
-29140;
-28228;
-14782;
-14651;
-27061;
-27087;
-15688;
-15796;
-25952;
-25084;
-17695;
-16877;
-23906;
-25078;
-17783;
-18794;
-22874;
-21983;
-19843;
-20869;
-21833;
-18890;
-18977;
-23958;
-22939;
-17739;
-17918;
-24036;
-24918;
-15903;
-17789;
-27086;
-22922;
-15736;
-16878;
-26950;
-25905;
-13813;
-16767;
-28144;
-23958;
-14742;
-16898;
-27987;
-24000;
-12769;
-18830;
-28160;
-22919;
-14777;
-18952;
-26994;
-21945;
-14845;
-20939;
-25101;
-21789;
-16855;
-18937;
-25049;
-22044;
-18737;
-19817;
-22943;
-21959;
-17828;
-19848;
-24037;
-20986;
-19678;
-19995;
-21886;
-22972;
-18906;
-20737;
-22966;
-19852;
-19765;
-21019;
-21975;
-21898;
-18899;
-20856;
-23135;
-21763;
-18735;
-18886;
-23999;
-21959;
-17851;
-19957;
-23963;
-22871;
-16884;
-17949;
-26931;
-23994;
-14679;
-17873;
-27000;
-24941;
-12751;
-16793;
-29109;
-24023;
-14637;
-18862;
-26954;
-23905;
-13758;
-18711;
-28060;
-21942;
-14703;
-18866;
-27021;
-22934;
-13781;
-19746;
-28162;
-21921;
-13700;
-19878;
-28155;
-21016;
-13655;
-21897;
-28142;
-20868;
-12811;
-20923;
-30149;
-20900;
-12635;
-21951;
-29239;
-19902;
-11670;
-22862;
-30254;
-17833;
-12496;
-23918;
-29128;
-18727;
-11656;
-22924;
-30290;
-18942;
-12500;
-22022;
-29199;
-19875;
-12657;
-21859;
-28298;
-20735;
-13660;
-20849;
-28234;
-19897;
-13680;
-21964;
-27224;
-20841;
-14702;
-20913;
-26147;
-19870;
-16679;
-20938;
-24084;
-20930;
-17849;
-19932;
-23143;
-21958;
-20772;
-19004;
-18940;
-23916;
-22900;
-18819;
-17977;
-22979;
-24924;
-17935;
-15829;
-23108;
-26005;
-19941;
-14887;
-21932;
-27173;
-19825;
-15887;
-20971;
-27085;
-20911;
-13889;
-21936;
-28123;
-19849;
-14824;
-21049;
-28041;
-21013;
-14683;
-20943;
-26027;
-21877;
-16812;
-17896;
-25026;
-23941;
-17921;
-16868;
-23070;
-25917;
-19826;
-15826;
-21826;
-26153;
-20788;
-14865;
-19851;
-28111;
-21880;
-13708;
-19870;
-27157;
-22860;
-14729;
-18845;
-28050;
-22947;
-13673;
-17948;
-28046;
-24909;
-13827;
-16759;
-28173;
-24952;
-13775;
-15889;
-28122;
-26035;
-13731;
-16890;
-27230;
-24945;
-15630;
-16971;
-27109;
-24049;
-15539;
-17891;
-26177;
-24964;
-14715;
-16829;
-27204;
-22959;
-15728;
-19918;
-25145;
-22749;
-16782;
-18962;
-26061;
-21894;
-16645;
-19964;
-24073;
-21964;
-18785;
-20914;
-21985;
-19900;
-19915;
-22000;
-22021;
-17865;
-20854;
-24980;
-20018;
-16795;
-22913;
-25136;
-19898;
-15885;
-22814;
-26215;
-16864;
-16855;
-23969;
-25040;
-17866;
-15842;
-24983;
-27087;
-15801;
-16625;
-25112;
-25030;
-17903;
-15783;
-23907;
-26140;
-16839;
-15750;
-25142;
-26098;
-16777;
-15855;
-24032;
-25252;
-18813;
-15715;
-22991;
-27108;
-17976;
-16573;
-22996;
-25047;
-19908;
-15749;
-22005;
-26227;
-17940;
-16706;
-23155;
-24138;
-20862;
-16779;
-20876;
-26122;
-19944;
-16702;
-21057;
-25042;
-21925;
-15769;
-18825;
-26246;
-23038;
-15710;
-19924;
-26161;
-21874;
-16739;
-18959;
-25174;
-24007;
-14831;
-18806;
-28163;
-22017;
-15596;
-18985;
-24976;
-23978;
-16811;
-18863;
-24105;
-21983;
-19764;
-20073;
-20034;
-23926;
-21958;
-18773;
-19964;
-23036;
-22833;
-18926;
-17885;
-23906;
-24003;
-18846;
-16999;
-22948;
-25906;
-19762;
-14918;
-20915;
-28004;
-19888;
-11794;
-22858;
-30195;
-19867;
-10838;
-19825;
-33062;
-20992;
-7758;
-21802;
-34188;
-20873;
-7714;
-19832;
-34221;
-20909;
-7706;
-21827;
-33314;
-19853;
-9651;
-20905;
-32238;
-19994;
-9653;
-21997;
-32185;
-20893;
-9728;
-20947;
-32214;
-20035;
-9672;
-22046;
-32270;
-19885;
-9735;
-22943;
-32269;
-17833;
-11593;
-23987;
-30172;
-15939;
-12684;
-29036;
-27101;
-12644;
-15791;
-29082;
-26096;
-11779;
-16770;
-31105;
-23036;
-11607;
-19912;
-30095;
-20948;
-10781;
-21867;
-32194;
-18921;
-10561;
-22957;
-31171;
-18895;
-10768;
-23898;
-30251;
-17930;
-12662;
-23941;
-29137;
-17926;
-13722;
-23942;
-27154;
-17844;
-16690;
-22956;
-25022;
-19034;
-18632;
-22047;
-21025;
-21843;
-20869;
-19869;
-20974;
-22092;
-21777;
-18009;
-19892;
-25942;
-20899;
-15861;
-20982;
-26013;
-21771;
-13872;
-19929;
-29027;
-20894;
-14621;
-18931;
-27055;
-22982;
-13819;
-18804;
-28180;
-22942;
-13712;
-17959;
-28142;
-24045;
-12681;
-18784;
-28237;
-23005;
-12613;
-17909;
-30237;
-22077;
-12631;
-19909;
-29270;
-22878;
-10723;
-18911;
-31291;
-20963;
-12672;
-21090;
-28172;
-21811;
-11837;
-21025;
-31195;
-18946;
-12580;
-23171;
-28006;
-18905;
-12949;
-24879;
-28185;
-15893;
-14867;
-24964;
-27109;
-16857;
-15905;
-25961;
-24117;
-16870;
-18875;
-24087;
-23863;
-18044;
-19753;
-23008;
-20918;
-20829;
-18985;
-20812;
-23070;
-19903;
-20902;
-19917;
-20923;
-23909;
-19042;
-17762;
-22984;
-24047;
-20806;
-15932;
-20836;
-28055;
-19006;
-13755;
-22936;
-29116;
-18928;
-10756;
-23907;
-31205;
-16904;
-12474;
-24087;
-29063;
-16000;
-12729;
-27920;
-27277;
-14807;
-15850;
-26995;
-26137;
-12929;
-17762;
-29100;
-23062;
-14780;
-18847;
-26973;
-23981;
-12934;
-19691;
-29249;
-21936;
-13759;
-18830;
-28968;
-22109;
-10861;
-20734;
-30198;
-21055;
-13733;
-18926;
-28946;
-23202;
-11824;
-20645;
-29212;
-21949;
-11764;
-19765;
-31066;
-21029;
-11713;
-19853;
-29988;
-22941;
-11865;
-18854;
-30094;
-22026;
-13728;
-18947;
-27997;
-24020;
-11865;
-18709;
-29179;
-23087;
-14801;
-17786;
-27043;
-23067;
-14889;
-19832;
-26084;
-22956;
-17779;
-16893;
-24853;
-24091;
-16912;
-19732;
-24002;
-20977;
-18942;
-20916;
-22776;
-20003;
-20881;
-22039;
-18749;
-20910;
-22970;
-21874;
-17696;
-18931;
-24119;
-21998;
-17759;
-19927;
-23155;
-22863;
-17896;
-17949;
-26024;
-23055;
-16684;
-18980;
-23094;
-24021;
-17891;
-18819;
-24021;
-22044;
-18697;
-18997;
-23110;
-24933;
-18836;
-16734;
-23142;
-25107;
-19821;
-15767;
-22108;
-26106;
-19862;
-16803;
-21136;
-25077;
-22742;
-14897;
-19898;
-27141;
-22786;
-14786;
-18988;
-28040;
-21945;
-13748;
-20948;
-27144;
-21811;
-15751;
-18958;
-26957;
-21958;
-14860;
-21831;
-27126;
-20714;
-13869;
-21910;
-29100;
-18677;
-13673;
-22983;
-27146;
-18786;
-14706;
-23049;
-26084;
-17892;
-17694;
-23088;
-23980;
-19745;
-16910;
-22920;
-24121;
-17719;
-19745;
-23070;
-21980;
-18824;
-20819;
-23120;
-19985;
-18833;
-22793;
-23086;
-18764;
-16899;
-22961;
-26067;
-17891;
-16660;
-22966;
-25158;
-18950;
-14718;
-23920;
-27217;
-16986;
-15627;
-24059;
-26199;
-18892;
-13737;
-23894;
-27292;
-18828;
-15649;
-22988;
-27145;
-17887;
-13703;
-25012;
-27334;
-16767;
-15661;
-25056;
-27067;
-15876;
-14729;
-26165;
-27265;
-16780;
-14661;
-25097;
-26214;
-16823;
-17619;
-24047;
-24095;
-18791;
-15829;
-23938;
-25190;
-17867;
-18642;
-22121;
-23051;
-20802;
-17890;
-21860;
-23201;
-19906;
-20721;
-20978;
-21940;
-20945;
-18851;
-20985;
-22134;
-21896;
-20796;
-20021;
-21946;
-21940;
-19826;
-18934;
-22175;
-23935;
-19881;
-16936;
-21144;
-25081;
-21858;
-15882;
-20068;
-27016;
-20900;
-15768;
-20120;
-25074;
-23782;
-14916;
-18954;
-27170;
-21889;
-16653;
-18006;
-24041;
-24948;
-16858;
-17875;
-24090;
-22919;
-18785;
-18048;
-23036;
-23919;
-19027;
-18903;
-22088;
-22871;
-18986;
-19084;
-24103;
-21905;
-18865;
-19097;
-22155;
-23001;
-19858;
-20112;
-21001;
-19995;
-21981;
-22075;
-19074;
-20813;
-22065;
-22076;
-20028;
-17867;
-23787;
-23205;
-17954;
-18815;
-23089;
-24980;
-18936;
-15771;
-23886;
-26248;
-18848;
-15752;
-22984;
-27071;
-16959;
-15680;
-25112;
-25180;
-17878;
-15812;
-25012;
-24207;
-16972;
-18823;
-25111;
-19522;
-18885;
-24605;
-19476;
-15505;
-23392;
-29524;
-16511;
-8744;
-28486;
-34330;
-12281;
-4800;
-32566;
-41286;
-4953;
526;
-39136;
-43327;
-1759;
3471;
-42045;
-48506;
4789;
7586;
-46783;
-50551;
5753;
11604;
-50648;
-55898;
11922;
14796;
-53899;
-57790;
