-1;
-1;
-1;
-1;
-1;
-1;
-1;
-1;
-1;
-1;
-1;
-1;
-1;
-1;
-1;
-1;
-1;
-1;
-1;
-1;
-1;
-1;
-1;
-1;
-1;
-1;
-1;
-1;
-1;
-1;
-1;
-1;
-1;
-1;
-1;
-1;
-1;
-1;
-1;
-1;
-1;
-1;
-1;
-1;
-1;
-1;
-1;
-1;
-1;
-1;
-1;
-1;
-1;
-1;
-1;
-1;
-1;
-1;
-1;
0;
4095;
3304;
504;
4095;
568;
4095;
656;
335;
3647;
632;
4095;
672;
539;
4022;
688;
4095;
680;
711;
4095;
696;
4095;
656;
939;
4070;
784;
4095;
664;
4095;
4095;
848;
4095;
664;
4095;
4095;
824;
4095;
656;
4095;
4095;
896;
4095;
656;
4095;
4095;
1144;
4095;
656;
4095;
632;
755;
4095;
656;
4095;
636;
783;
4095;
696;
4095;
3768;
1152;
4095;
700;
4095;
636;
839;
4095;
696;
4095;
632;
983;
4095;
720;
4095;
632;
1135;
4095;
808;
4095;
624;
4095;
4095;
944;
4095;
640;
4095;
4095;
952;
4095;
640;
4095;
4095;
976;
4095;
640;
4095;
4095;
1080;
4095;
656;
4095;
4095;
1208;
4095;
672;
4095;
632;
763;
4095;
712;
4095;
624;
791;
4095;
720;
4095;
640;
1188;
4095;
696;
4095;
640;
4095;
4095;
760;
4095;
640;
2087;
4095;
896;
4095;
640;
1783;
4015;
1104;
4095;
640;
4095;
4095;
992;
4095;
656;
4095;
4095;
944;
4095;
680;
4095;
4095;
1080;
4095;
656;
4095;
632;
831;
4095;
648;
4095;
640;
1024;
4095;
664;
4095;
632;
855;
4095;
784;
4095;
1664;
969;
4095;
824;
4095;
632;
1059;
4095;
736;
4095;
632;
1804;
4079;
760;
4095;
636;
4095;
4095;
896;
4095;
634;
4095;
4095;
1040;
4095;
640;
4095;
3922;
1096;
4095;
656;
4095;
4095;
1080;
4095;
664;
4095;
4095;
1216;
4095;
672;
4095;
1336;
911;
4095;
696;
4095;
632;
911;
4095;
696;
4095;
640;
1047;
4095;
768;
4095;
640;
4095;
4095;
784;
4095;
640;
4095;
4095;
824;
4095;
640;
2431;
4095;
976;
4095;
640;
1471;
4095;
1184;
4095;
632;
4095;
4095;
1072;
4095;
672;
4095;
4095;
952;
4095;
784;
4095;
4048;
1120;
4095;
656;
4095;
636;
1007;
4095;
640;
4095;
640;
1367;
4095;
688;
4095;
632;
907;
4095;
952;
4095;
632;
811;
4095;
1040;
4095;
640;
2455;
4095;
784;
4095;
656;
4095;
4095;
728;
4095;
656;
4095;
4095;
944;
4095;
656;
4095;
632;
863;
4095;
656;
4095;
636;
831;
4095;
672;
4095;
3584;
1200;
4095;
760;
4095;
4095;
1824;
4079;
760;
4095;
624;
983;
4095;
688;
4095;
640;
1151;
4095;
688;
4095;
632;
1455;
4095;
880;
4095;
640;
4095;
4095;
920;
4095;
640;
4095;
4062;
912;
4095;
636;
2207;
4095;
1080;
4095;
632;
1399;
4095;
1472;
4095;
656;
4095;
3120;
1048;
4095;
704;
4095;
2520;
784;
4095;
1296;
4095;
1920;
848;
4095;
656;
4095;
584;
4095;
4095;
688;
4095;
568;
4095;
4095;
736;
4095;
632;
903;
4095;
1536;
4095;
664;
767;
2415;
1888;
4095;
656;
4095;
4095;
752;
4095;
1536;
4095;
4095;
752;
4095;
928;
4095;
3264;
952;
4095;
656;
4095;
624;
1574;
4095;
664;
4095;
696;
1703;
4095;
752;
4095;
3088;
1280;
2165;
1352;
4095;
3584;
1664;
2546;
1016;
4095;
656;
1600;
4095;
700;
4095;
800;
2087;
4095;
896;
4095;
632;
2335;
3132;
1472;
4095;
2688;
3692;
600;
623;
4095;
2232;
3399;
1728;
952;
4095;
656;
1883;
3567;
2736;
3788;
640;
2271;
4095;
2336;
3159;
504;
4095;
2080;
1544;
4095;
2912;
3703;
592;
719;
4095;
2336;
4095;
1600;
1823;
3967;
688;
2063;
2655;
4095;
4095;
680;
2431;
2336;
3266;
3494;
1008;
4095;
896;
1031;
2887;
2816;
4095;
672;
899;
2831;
2360;
4095;
704;
4095;
3136;
688;
2239;
2174;
4095;
3936;
640;
2463;
1696;
4095;
2368;
2217;
4071;
680;
1559;
1376;
3039;
4095;
688;
2127;
1848;
3126;
3751;
1080;
4095;
2320;
1208;
1531;
2115;
4095;
2608;
1352;
1659;
1679;
4095;
1728;
3391;
4095;
1728;
1384;
1040;
4095;
4095;
1856;
2279;
1424;
3103;
2168;
1720;
4095;
2944;
2080;
576;
1591;
4095;
2784;
2322;
1648;
1991;
2891;
1456;
3015;
4095;
2976;
1536;
832;
2831;
3623;
2448;
2558;
1904;
2935;
1712;
1659;
3967;
3400;
2856;
704;
1391;
4095;
2704;
2724;
2064;
2551;
2845;
1152;
2703;
3551;
3224;
2032;
848;
2991;
3046;
2768;
2718;
1944;
3222;
1264;
1671;
3262;
3380;
3487;
568;
1559;
2959;
2496;
3226;
2048;
3207;
2320;
1064;
2535;
2971;
4095;
2112;
896;
2509;
2176;
3107;
2296;
2895;
3622;
1040;
1703;
2181;
3598;
3546;
1248;
2347;
2234;
2659;
2416;
2064;
3711;
2272;
1720;
1863;
2669;
3933;
1920;
1971;
2366;
2567;
2786;
1792;
3127;
3024;
1920;
1782;
2075;
3687;
2896;
1840;
2067;
2275;
2890;
2192;
2703;
3421;
2448;
1584;
1410;
2851;
3670;
2720;
2184;
2104;
2343;
2016;
2111;
3222;
3599;
2512;
1448;
1775;
2807;
2946;
2320;
2543;
2798;
2488;
1920;
2123;
3156;
2808;
1936;
1899;
2612;
3477;
2552;
2144;
2311;
2194;
2250;
1920;
3167;
3668;
2544;
1792;
1417;
2635;
2712;
2400;
2990;
2736;
2834;
1672;
1990;
3046;
2616;
2514;
1760;
2653;
3287;
2312;
2527;
2016;
2517;
2096;
1828;
3287;
3264;
3074;
1656;
1425;
2560;
2276;
2967;
2816;
3046;
2736;
1184;
2011;
2535;
3255;
2888;
1920;
2774;
2272;
2362;
2256;
2471;
3278;
2048;
2171;
2423;
2869;
3011;
1792;
2375;
2458;
2550;
2568;
2272;
3167;
2384;
1938;
2075;
2539;
3343;
2360;
2276;
2343;
2391;
2522;
2112;
2990;
2916;
2304;
1936;
2023;
3030;
2740;
2486;
2418;
2424;
2558;
1952;
2511;
2914;
2786;
2272;
1848;
2663;
2764;
2600;
2346;
2379;
2714;
2128;
2359;
2679;
2941;
2608;
1760;
2319;
2614;
2822;
2559;
2323;
2775;
2192;
2185;
2335;
2843;
3116;
2096;
2175;
2249;
2652;
2676;
2288;
2891;
2480;
2282;
2032;
2303;
3133;
2496;
2489;
2322;
2523;
2719;
1976;
2557;
2528;
2612;
2482;
2174;
3043;
2520;
2264;
2024;
2175;
3021;
2456;
2806;
2668;
2416;
2303;
1600;
2566;
2847;
2874;
2632;
2040;
2670;
2144;
2319;
2590;
2616;
2990;
1984;
2349;
2583;
2578;
2707;
1984;
2652;
2472;
2372;
2571;
2352;
2991;
2240;
2195;
2487;
2529;
2910;
2104;
2494;
2592;
2416;
2606;
2208;
2851;
2452;
2148;
2383;
2404;
3067;
2424;
2356;
2439;
2256;
2583;
2200;
2831;
2826;
2344;
2274;
1986;
2742;
2564;
2516;
2663;
2366;
2637;
2032;
2431;
2747;
2600;
2651;
2064;
2613;
2552;
2344;
2515;
2290;
2799;
2336;
2410;
2699;
2514;
2658;
1968;
2383;
2646;
2588;
2784;
2288;
2671;
2256;
2102;
2466;
2535;
3095;
2400;
2359;
2438;
2226;
2590;
2192;
2767;
2732;
2384;
2511;
2144;
2727;
2344;
2248;
2567;
2458;
2919;
2320;
2487;
2539;
2144;
2455;
2176;
2907;
2864;
2434;
2470;
1968;
2511;
2264;
2483;
2935;
2592;
2759;
2016;
2319;
2559;
2302;
2663;
2288;
2782;
2586;
2320;
2639;
2232;
2588;
2114;
2283;
2799;
2644;
2943;
2256;
2391;
2320;
1984;
2543;
2496;
3092;
2720;
2272;
2444;
2032;
2487;
2256;
2572;
2955;
2528;
2703;
2136;
2422;
2416;
2120;
2631;
2496;
2951;
2558;
2272;
2518;
2080;
2506;
2308;
2655;
2943;
2400;
2550;
2088;
2461;
2516;
2290;
2749;
2448;
2702;
2320;
2278;
2667;
2312;
2610;
2288;
2542;
2708;
2328;
2646;
2288;
2573;
2418;
2218;
2703;
2456;
2750;
2352;
2329;
2639;
2248;
2611;
2367;
2619;
2636;
2224;
2607;
2328;
2639;
2456;
2268;
2679;
2344;
2659;
2354;
2450;
2678;
2216;
2587;
2360;
2652;
2608;
2208;
2607;
2303;
2631;
2484;
2386;
2723;
2248;
2511;
2276;
2503;
2789;
2344;
2654;
2296;
2482;
2454;
2216;
2740;
2424;
2647;
2440;
2352;
2679;
2240;
2543;
2324;
2519;
2724;
2320;
2711;
2384;
2495;
2374;
2175;
2717;
2458;
2723;
2464;
2344;
2582;
2144;
2567;
2476;
2630;
2687;
2200;
2571;
2324;
2559;
2541;
2360;
2735;
2272;
2487;
2396;
2463;
2755;
2302;
2605;
2352;
2455;
2548;
2250;
2719;
2448;
2587;
2476;
2316;
2651;
2216;
2506;
2450;
2547;
2764;
2320;
2603;
2296;
2367;
2479;
2322;
2828;
2520;
2583;
2384;
2200;
2567;
2256;
2651;
2612;
2576;
2606;
2136;
2515;
2328;
2538;
2639;
2404;
2747;
2312;
2455;
2394;
2360;
2707;
2320;
2654;
2512;
2462;
2547;
2172;
2598;
2408;
2543;
2623;
2408;
2703;
2256;
2423;
2398;
2407;
2739;
2364;
2660;
2464;
2395;
2488;
2228;
2683;
2452;
2551;
2571;
2360;
2643;
2258;
2495;
2467;
2448;
2679;
2320;
2645;
2448;
2419;
2499;
2284;
2693;
2432;
2534;
2536;
2344;
2615;
2272;
2555;
2531;
2458;
2630;
2248;
2591;
2432;
2479;
2586;
2352;
2676;
2328;
2471;
2539;
2400;
2651;
2296;
2541;
2476;
2423;
2623;
2320;
2647;
2408;
2415;
2539;
2352;
2684;
2366;
2522;
2542;
2376;
2591;
2288;
2567;
2498;
2443;
2634;
2362;
2650;
2392;
2410;
2511;
2348;
2668;
2384;
2556;
2538;
2372;
2559;
2276;
2587;
2496;
2448;
2601;
2344;
2619;
2384;
2450;
2552;
2370;
2628;
2336;
2543;
2542;
2400;
2591;
2312;
2598;
2456;
2412;
2587;
2360;
2629;
2386;
2487;
2575;
2388;
2604;
2296;
2499;
2500;
2422;
2647;
2416;
2636;
2392;
2341;
2507;
2348;
2666;
2480;
2575;
2578;
2312;
2507;
2256;
2519;
2554;
2483;
2671;
2400;
2572;
2336;
2339;
2527;
2388;
2679;
2480;
2590;
2534;
2288;
2475;
2272;
2574;
2592;
2528;
2661;
2344;
2507;
2298;
2383;
2603;
2464;
2683;
2426;
2487;
2458;
2302;
2555;
2386;
2608;
2538;
2434;
2583;
2345;
2559;
2384;
2459;
2591;
2404;
2603;
2376;
2516;
2488;
2366;
2595;
2400;
2583;
2472;
2408;
2551;
2364;
2595;
2434;
2506;
2572;
2352;
2543;
2370;
2540;
2542;
2424;
2595;
2360;
2519;
2432;
2459;
2619;
2420;
2591;
2396;
2455;
2516;
2367;
2596;
2440;
2584;
2514;
2373;
2539;
2328;
2535;
2472;
2514;
2642;
2404;
2534;
2322;
2414;
2520;
2444;
2679;
2504;
2552;
2402;
2282;
2479;
2380;
2646;
2598;
2578;
2566;
2272;
2406;
2300;
2503;
2644;
2559;
2687;
2386;
2412;
2300;
2298;
2590;
2532;
2730;
2570;
2464;
2422;
2196;
2460;
2450;
2644;
2687;
2500;
2543;
2264;
2381;
2386;
2467;
2707;
2532;
2615;
2403;
2360;
2421;
2332;
2615;
2534;
2606;
2546;
2360;
2471;
2320;
2503;
2508;
2540;
2646;
2416;
2502;
2367;
2431;
2523;
2432;
2635;
2464;
2506;
2452;
2360;
2543;
2424;
2580;
2515;
2466;
2550;
2324;
2492;
2416;
2530;
2574;
2480;
2613;
2392;
2415;
2352;
2407;
2550;
2541;
2615;
2620;
2444;
2464;
2256;
2314;
2420;
2465;
2783;
2692;
2794;
2480;
2200;
2064;
2027;
2397;
2679;
3146;
3080;
2848;
2240;
1720;
1652;
1891;
2630;
3222;
3555;
3272;
2496;
1680;
1288;
1511;
2278;
3126;
3711;
3706;
2872;
2040;
1168;
1175;
1839;
2670;
3603;
3806;
3512;
2448;
1504;
1000;
1391;
2231;
3095;
3967;
3802;
3112;
1952;
1040;
1055;
1711;
2667;
3583;
4030;
3584;
2512;
1448;
864;
1299;
2181;
3182;
3959;
3910;
3096;
1984;
1016;
1025;
1671;
2607;
3583;
3981;
3688;
2512;
1568;
832;
1211;
2103;
3015;
4023;
3896;
3320;
2032;
960;
911;
1599;
2567;
3543;
4095;
3832;
2556;
1472;
688;
1119;
2092;
3047;
4095;
4058;
3192;
1984;
768;
879;
1684;
2607;
3804;
4079;
3728;
2384;
1216;
785;
1359;
2304;
3383;
4076;
3874;
2816;
1552;
928;
1123;
2039;
3168;
3838;
3951;
2960;
1824;
1200;
1061;
1975;
2914;
3655;
3895;
2960;
2112;
1304;
1118;
1987;
2663;
3607;
3770;
3008;
2352;
1264;
1325;
1903;
2535;
3567;
3592;
3168;
2416;
1376;
1387;
1827;
2455;
3485;
3552;
3168;
2528;
1408;
1527;
1827;
2387;
3479;
3336;
3216;
2576;
1424;
1751;
1743;
2380;
3439;
3120;
3323;
2512;
1536;
1879;
1624;
2451;
3301;
3072;
3354;
2480;
1712;
1867;
1688;
2428;
3189;
3048;
3231;
2512;
1760;
2003;
1832;
2466;
3166;
2864;
3004;
2400;
1840;
2215;
2111;
2630;
3079;
2640;
2616;
2208;
1952;
2411;
2591;
2846;
3020;
2456;
2096;
2024;
1915;
2575;
3103;
3050;
3134;
2248;
1664;
1755;
1799;
2724;
3423;
3416;
3236;
2168;
1336;
1367;
1783;
2695;
3727;
3762;
3328;
2160;
1008;
1087;
1759;
2727;
3918;
3942;
3458;
2000;
784;
903;
1775;
2887;
3967;
4095;
3496;
1680;
720;
847;
1843;
3071;
4031;
4095;
3256;
1472;
592;
983;
1984;
3214;
4095;
4095;
3024;
1288;
440;
1155;
2166;
3438;
4095;
3992;
2648;
1056;
416;
1359;
2403;
3671;
4095;
3680;
2112;
880;
539;
1631;
2772;
3908;
4095;
3184;
1696;
712;
983;
2031;
3147;
4095;
4095;
2512;
1392;
384;
1311;
2475;
3524;
4095;
3568;
1984;
1000;
744;
1783;
2863;
4014;
4095;
2912;
1632;
510;
1191;
2166;
3383;
4095;
3856;
2512;
1304;
584;
1474;
2466;
3542;
4095;
3320;
2464;
1096;
859;
1699;
2539;
3819;
3874;
3360;
2208;
1136;
1055;
1751;
2686;
3739;
3888;
3248;
2192;
1016;
1229;
1751;
2859;
3759;
3688;
3360;
1792;
1328;
1120;
1919;
3083;
3511;
3871;
2848;
1840;
1362;
1334;
2263;
3103;
3539;
3532;
2496;
1808;
1480;
1699;
2626;
3043;
3503;
2944;
2208;
1872;
1520;
2327;
2702;
3246;
3190;
2416;
2188;
1616;
2103;
2575;
2975;
3279;
2640;
2304;
1872;
1836;
2463;
2772;
3146;
2988;
2320;
2160;
1776;
2187;
2715;
2886;
3190;
2544;
2240;
1904;
1920;
2503;
2767;
3196;
2840;
2432;
2044;
1808;
2207;
2543;
3051;
3066;
2684;
2336;
1880;
1954;
2325;
2663;
3119;
2914;
2592;
2288;
1848;
2151;
2348;
2709;
3003;
2760;
2656;
2224;
2122;
2238;
2319;
2631;
2687;
2716;
2623;
2402;
2405;
2303;
2334;
2475;
2412;
2623;
2552;
2619;
2663;
2400;
2507;
2192;
2293;
2394;
2430;
2823;
2687;
2775;
2544;
2160;
2210;
2034;
2422;
2719;
2836;
3016;
2544;
2322;
2032;
1955;
2431;
2571;
3002;
2900;
2568;
2408;
1944;
2231;
2343;
2621;
2895;
2640;
2654;
2248;
2243;
2361;
2342;
2695;
2594;
2636;
2572;
2328;
2468;
2264;
2454;
2579;
2508;
2727;
2488;
2498;
2367;
2214;
2495;
2432;
2711;
2730;
2528;
2507;
2172;
2299;
2367;
2527;
2791;
2652;
2598;
2352;
2211;
2324;
2384;
2647;
2695;
2628;
2544;
2296;
2338;
2362;
2492;
2635;
2554;
2587;
2432;
2388;
2439;
2414;
2546;
2526;
2526;
2535;
2426;
2463;
2448;
2426;
2495;
2506;
2551;
2559;
2496;
2448;
2354;
2365;
2444;
2555;
2675;
2646;
2571;
2330;
2224;
2275;
2398;
2718;
2786;
2772;
2528;
2160;
2136;
2140;
2487;
2828;
2871;
2832;
2416;
2128;
2071;
2159;
2599;
2807;
2912;
2752;
2320;
2186;
2028;
2315;
2607;
2778;
2935;
2592;
2416;
2136;
2100;
2375;
2503;
2854;
2844;
2652;
2460;
2080;
2130;
2221;
2531;
2879;
2879;
2828;
2416;
2088;
2028;
2129;
2558;
2806;
2973;
2820;
2408;
2170;
1996;
2231;
2507;
2767;
2926;
2660;
2492;
2184;
2155;
2343;
2486;
2783;
2687;
2601;
2444;
2228;
2378;
2390;
2587;
2638;
2528;
2528;
2352;
2410;
2487;
2510;
2599;
2496;
2438;
2382;
2363;
2494;
2570;
2659;
2628;
2488;
2338;
2220;
2294;
2447;
2660;
2809;
2748;
2532;
2256;
2098;
2148;
2405;
2727;
2923;
2866;
2568;
2208;
1960;
2070;
2381;
2786;
3046;
2916;
2594;
2108;
1924;
2034;
2383;
2844;
3045;
2960;
2544;
2096;
1940;
2010;
2455;
2839;
3023;
2908;
2456;
2152;
1954;
2119;
2519;
2774;
2978;
2752;
2466;
2192;
2052;
2295;
2461;
2748;
2799;
2648;
2512;
2232;
2279;
2293;
2447;
2659;
2623;
2687;
2504;
2384;
2360;
2273;
2450;
2490;
2599;
2678;
2556;
2530;
2342;
2324;
2342;
2418;
2612;
2623;
2668;
2532;
2384;
2347;
2278;
2450;
2532;
2636;
2670;
2532;
2464;
2336;
2348;
2408;
2475;
2610;
2604;
2596;
2488;
2390;
2358;
2339;
2471;
2550;
2635;
2640;
2518;
2435;
2283;
2318;
2419;
2566;
2727;
2668;
2579;
2352;
2228;
2262;
2387;
2647;
2754;
2760;
2570;
2300;
2179;
2170;
2398;
2646;
2791;
2795;
2576;
2346;
2175;
2188;
2385;
2590;
2759;
2738;
2609;
2410;
2268;
2252;
2335;
2531;
2616;
2687;
2614;
2480;
2408;
2288;
2404;
2446;
2543;
2636;
2532;
2532;
2402;
2396;
2453;
2442;
2566;
2518;
2504;
2480;
2406;
2484;
2482;
2543;
2536;
2448;
2452;
2367;
2451;
2522;
2577;
2622;
2496;
2446;
2316;
2356;
2471;
2550;
2700;
2582;
2484;
2332;
2250;
2414;
2510;
2707;
2700;
2552;
2380;
2204;
2286;
2411;
2630;
2771;
2694;
2544;
2290;
2196;
2258;
2415;
2663;
2759;
2732;
2528;
2300;
2196;
2211;
2455;
2639;
2783;
2732;
2496;
2330;
2164;
2275;
2466;
2659;
2783;
2626;
2474;
2260;
2234;
2411;
2543;
2728;
2656;
2480;
2320;
2232;
2411;
2582;
2735;
2704;
2458;
2260;
2160;
2315;
2603;
2815;
2830;
2592;
2256;
2068;
2143;
2442;
2767;
2923;
2778;
2464;
2148;
2059;
2263;
2543;
2814;
2802;
2650;
2368;
2184;
2264;
2359;
2594;
2664;
2640;
2578;
2408;
2404;
2358;
2426;
2470;
2499;
2555;
2520;
2540;
2519;
2458;
2452;
2384;
2395;
2436;
2495;
2615;
2612;
2610;
2482;
2338;
2303;
2268;
2484;
2611;
2726;
2730;
2500;
2367;
2172;
2239;
2412;
2599;
2807;
2742;
2600;
2344;
2152;
2195;
2331;
2612;
2807;
2807;
2668;
2364;
2144;
2120;
2275;
2571;
2799;
2879;
2708;
2416;
2168;
2057;
2239;
2495;
2788;
2896;
2768;
2490;
2192;
2083;
2164;
2455;
2730;
2879;
2808;
2532;
2256;
2085;
2183;
2405;
2663;
2833;
2764;
2576;
2328;
2198;
2245;
2389;
2613;
2707;
2684;
2558;
2376;
2323;
2314;
2453;
2576;
2598;
2615;
2468;
2418;
2391;
2418;
2527;
2528;
2567;
2500;
2416;
2410;
2388;
2494;
2538;
2591;
2587;
2480;
2429;
2324;
2352;
2454;
2555;
2676;
2623;
2559;
2400;
2264;
2303;
2367;
2570;
2684;
2687;
2600;
2388;
2308;
2254;
2356;
2535;
2623;
2711;
2604;
2488;
2367;
2274;
2353;
2423;
2572;
2656;
2622;
2576;
2438;
2352;
2325;
2365;
2483;
2584;
2659;
2634;
2532;
2408;
2308;
2316;
2402;
2539;
2638;
2660;
2588;
2440;
2356;
2320;
2392;
2499;
2580;
2623;
2566;
2500;
2419;
2378;
2398;
2446;
2527;
2559;
2584;
2544;
2472;
2416;
2367;
2407;
2479;
2555;
2599;
2548;
2480;
2396;
2367;
2426;
2502;
2595;
2580;
2520;
2420;
2356;
2404;
2474;
2598;
2607;
2559;
2450;
2338;
2351;
2407;
2549;
2650;
2646;
2566;
2384;
2298;
2299;
2414;
2590;
2684;
2687;
2534;
2352;
2276;
2274;
2462;
2615;
2702;
2672;
2488;
2376;
2272;
2343;
2466;
2572;
2654;
2590;
2552;
2426;
2376;
2383;
2388;
2499;
2534;
2599;
2608;
2517;
2470;
2352;
2355;
2435;
2488;
2623;
2608;
2564;
2492;
2338;
2378;
2372;
2479;
2594;
2598;
2602;
2492;
2402;
2362;
2363;
2463;
2555;
2619;
2618;
2523;
2400;
2323;
2344;
2446;
2597;
2667;
2640;
2504;
2324;
2275;
2334;
2495;
2671;
2712;
2628;
2432;
2266;
2266;
2383;
2559;
2695;
2666;
2547;
2401;
2300;
2364;
2460;
2559;
2600;
2528;
2480;
2442;
2456;
2519;
2498;
2494;
2426;
2400;
2464;
2525;
2596;
2576;
2496;
2408;
2334;
2400;
2465;
2580;
2623;
2559;
2498;
2367;
2359;
2398;
2471;
2600;
2599;
2572;
2476;
2374;
2360;
2378;
2516;
2600;
2623;
2580;
2420;
2343;
2322;
2413;
2554;
2620;
2647;
2520;
2402;
2336;
2348;
2483;
2551;
2606;
2576;
2472;
2432;
2392;
2438;
2500;
2522;
2542;
2490;
2477;
2460;
2474;
2506;
2496;
2507;
2458;
2452;
2450;
2484;
2526;
2546;
2546;
2480;
2418;
2386;
2396;
2484;
2575;
2618;
2592;
2460;
2352;
2308;
2374;
2541;
2652;
2682;
2566;
2400;
2280;
2282;
2414;
2583;
2711;
2678;
2538;
2361;
2265;
2291;
2414;
2595;
2687;
2684;
2546;
2367;
2267;
2270;
2399;
2578;
2718;
2712;
2580;
2367;
2232;
2251;
2396;
2602;
2732;
2706;
2556;
2336;
2243;
2299;
2447;
2631;
2676;
2617;
2476;
2338;
2334;
2394;
2522;
2591;
2579;
2530;
2418;
2410;
2430;
2475;
2523;
2506;
2516;
2483;
2492;
2491;
2462;
2472;
2426;
2468;
2498;
2538;
2578;
2500;
2456;
2380;
2363;
2463;
2519;
2619;
2614;
2508;
2442;
2312;
2348;
2446;
2526;
2659;
2616;
2552;
2432;
2302;
2332;
2391;
2535;
2640;
2651;
2580;
2440;
2332;
2300;
2390;
2520;
2623;
2651;
2559;
2440;
2345;
2328;
2423;
2519;
2600;
2600;
2536;
2455;
2395;
2392;
2430;
2486;
2534;
2521;
2512;
2491;
2480;
2466;
2452;
2460;
2454;
2490;
2502;
2535;
2539;
2486;
2456;
2425;
2412;
2459;
2506;
2528;
2550;
2514;
2480;
2450;
2422;
2440;
2454;
2491;
2532;
2532;
2544;
2498;
2451;
2423;
2390;
2428;
2476;
2544;
2589;
2574;
2524;
2424;
2360;
2347;
2414;
2527;
2608;
2666;
2578;
2444;
2336;
2264;
2359;
2492;
2639;
2711;
2636;
2502;
2328;
2256;
2316;
2434;
2623;
2695;
2676;
2559;
2380;
2290;
2254;
2367;
2534;
2670;
2736;
2636;
2484;
2280;
2210;
2290;
2452;
2684;
2760;
2694;
2522;
2300;
2217;
2278;
2447;
2652;
2710;
2674;
2504;
2360;
2303;
2319;
2450;
2540;
2613;
2614;
2548;
2498;
2400;
2372;
2366;
2422;
2518;
2576;
2634;
2592;
2470;
2376;
2300;
2350;
2475;
2594;
2687;
2628;
2510;
2366;
2279;
2327;
2446;
2596;
2676;
2640;
2536;
2396;
2303;
2336;
2426;
2555;
2631;
2628;
2552;
2438;
2360;
2342;
2389;
2487;
2587;
2640;
2592;
2514;
2406;
2314;
2351;
2419;
2559;
2656;
2644;
2586;
2400;
2282;
2272;
2362;
2567;
2707;
2742;
2630;
2376;
2226;
2182;
2339;
2594;
2778;
2819;
2632;
2360;
2147;
2124;
2347;
2618;
2844;
2822;
2616;
2320;
2108;
2159;
2357;
2652;
2846;
2800;
2594;
2298;
2132;
2171;
2367;
2655;
2830;
2794;
2584;
2306;
2147;
2175;
2379;
2639;
2811;
2792;
2576;
2328;
2160;
2191;
2399;
2628;
2796;
2744;
2559;
2322;
2192;
2248;
2421;
2635;
2758;
2687;
2516;
2320;
2228;
2314;
2494;
2654;
2718;
2620;
2440;
2296;
2259;
2399;
2559;
2682;
2676;
2522;
2362;
2267;
2315;
2479;
2623;
2702;
2636;
2466;
2320;
2266;
2355;
2522;
2669;
2700;
2611;
2432;
2288;
2272;
2367;
2555;
2675;
2694;
2592;
2400;
2284;
2279;
2396;
2571;
2674;
2679;
2547;
2376;
2294;
2303;
2435;
2584;
2670;
2648;
2516;
2396;
2310;
2349;
2463;
2564;
2639;
2598;
2508;
2406;
2348;
2391;
2463;
2555;
2587;
2566;
2510;
2432;
2407;
2420;
2467;
2518;
2524;
2520;
2502;
2478;
2468;
2467;
2467;
2457;
2474;
2488;
2514;
2538;
2520;
2506;
2440;
2411;
2418;
2450;
2532;
2558;
2554;
2512;
2432;
2406;
2406;
2458;
2538;
2556;
2540;
2484;
2428;
2422;
2444;
2492;
2538;
2522;
2503;
2470;
2452;
2464;
2474;
2491;
2502;
2484;
2484;
2486;
2480;
2498;
2492;
2488;
2480;
2457;
2470;
2474;
2506;
2526;
2516;
2494;
2456;
2432;
2434;
2487;
2531;
2559;
2546;
2478;
2416;
2366;
2408;
2495;
2578;
2619;
2566;
2470;
2367;
2330;
2399;
2510;
2614;
2650;
2566;
2452;
2340;
2319;
2398;
2516;
2623;
2634;
2570;
2444;
2352;
2343;
2398;
2523;
2590;
2613;
2554;
2448;
2404;
2367;
2427;
2499;
2548;
2572;
2535;
2468;
2432;
2420;
2447;
2494;
2528;
2518;
2504;
2468;
2451;
2464;
2476;
2503;
2499;
2475;
2472;
2454;
2479;
2500;
2508;
2512;
2480;
2466;
2448;
2456;
2488;
2500;
2520;
2506;
2488;
2472;
2456;
2466;
2468;
2490;
2505;
2508;
2508;
2490;
2476;
2443;
2454;
2474;
2500;
2528;
2516;
2492;
2458;
2435;
2463;
2480;
2519;
2526;
2504;
2470;
2456;
2448;
2476;
2506;
2513;
2503;
2466;
2460;
2456;
2480;
2511;
2512;
2499;
2478;
2458;
2452;
2463;
2483;
2524;
2510;
2503;
2476;
2450;
2459;
2456;
2504;
2513;
2523;
2508;
2465;
2444;
2426;
2459;
2495;
2534;
2542;
2491;
2459;
2419;
2414;
2456;
2519;
2556;
2546;
2490;
2436;
2410;
2418;
2471;
2535;
2570;
2530;
2483;
2416;
2405;
2438;
2494;
2554;
2544;
2523;
2460;
2412;
2411;
2428;
2505;
2542;
2559;
2526;
2454;
2420;
2398;
2443;
2511;
2547;
2556;
2512;
2468;
2429;
2414;
2450;
2487;
2520;
2520;
2504;
2498;
2464;
2464;
2460;
2468;
2486;
2490;
2507;
2498;
2498;
2491;
2474;
2466;
2460;
2464;
2478;
2484;
2507;
2515;
2507;
2496;
2460;
2438;
2440;
2444;
2491;
2542;
2556;
2544;
2476;
2426;
2383;
2395;
2468;
2548;
2592;
2580;
2508;
2418;
2355;
2367;
2452;
2551;
2618;
2612;
2536;
2400;
2326;
2342;
2439;
2575;
2646;
2638;
2524;
2392;
2326;
2330;
2454;
2572;
2630;
2631;
2504;
2416;
2344;
2356;
2463;
2540;
2606;
2594;
2510;
2440;
2367;
2394;
2447;
2520;
2572;
2564;
2521;
2449;
2406;
2407;
2458;
2528;
2553;
2549;
2496;
2428;
2390;
2410;
2491;
2556;
2582;
2558;
2452;
2388;
2360;
2415;
2516;
2591;
2623;
2550;
2440;
2362;
2336;
2404;
2511;
2610;
2640;
2572;
2458;
2362;
2314;
2380;
2507;
2611;
2656;
2595;
2476;
2367;
2318;
2380;
2484;
2578;
2640;
2572;
2500;
2403;
2367;
2396;
2471;
2530;
2554;
2540;
2472;
2476;
2408;
2484;
2455;
2522;
2488;
2475;
2489;
2428;
2514;
2482;
2559;
2518;
2492;
2434;
2376;
2382;
2447;
2550;
2607;
2679;
2548;
2476;
2282;
2263;
2311;
2471;
2679;
2755;
2772;
2528;
2332;
2120;
2154;
2335;
2595;
2859;
2858;
2748;
2408;
2152;
2018;
2143;
2453;
2786;
2995;
2902;
2648;
2224;
1968;
1983;
2244;
2670;
2970;
3062;
2808;
2368;
1986;
1868;
2079;
2519;
2927;
3133;
2976;
2528;
2080;
1800;
1949;
2351;
2811;
3191;
3098;
2768;
2192;
1794;
1785;
2103;
2639;
3135;
3282;
3000;
2432;
1864;
1656;
1847;
2391;
2991;
3343;
3260;
2720;
2088;
1596;
1639;
2063;
2711;
3323;
3428;
3104;
2408;
1712;
1466;
1715;
2367;
3135;
3532;
3440;
2752;
1920;
1408;
1429;
2075;
2883;
3524;
3628;
3040;
2168;
1472;
1312;
1823;
2619;
3350;
3660;
3248;
2448;
1712;
1336;
1675;
2351;
3087;
3563;
3336;
2768;
2008;
1488;
1621;
2079;
2772;
3351;
3358;
3024;
2296;
1728;
1645;
1839;
2510;
3063;
3308;
3224;
2552;
2048;
1684;
1708;
2279;
2740;
3215;
3295;
2784;
2364;
1840;
1688;
2103;
2439;
3012;
3231;
2936;
2664;
2064;
1826;
2003;
2175;
2719;
3044;
2964;
2898;
2352;
2056;
2034;
1999;
2475;
2780;
2879;
3010;
2576;
2308;
2161;
1964;
2331;
2535;
2711;
2971;
2676;
2520;
2344;
2058;
2287;
2379;
2547;
2815;
2674;
2622;
2482;
2208;
2293;
2332;
2442;
2703;
2678;
2628;
2540;
2288;
2289;
2367;
2427;
2655;
2698;
2580;
2512;
2280;
2231;
2406;
2475;
2714;
2794;
2586;
2476;
2208;
2100;
2325;
2495;
2786;
2962;
2740;
2504;
2152;
1892;
2127;
2423;
2819;
3167;
2948;
2616;
2120;
1736;
1907;
2279;
2826;
3274;
3184;
2776;
2136;
1664;
1719;
2127;
2771;
3295;
3316;
2944;
2192;
1696;
1610;
1974;
2702;
3236;
3387;
3048;
2288;
1768;
1587;
1915;
2583;
3141;
3366;
3080;
2416;
1880;
1634;
1943;
2479;
3019;
3247;
2992;
2544;
1984;
1824;
2028;
2367;
2883;
3011;
2888;
2622;
2136;
2087;
2142;
2327;
2735;
2710;
2748;
2623;
2314;
2452;
2296;
2403;
2519;
2316;
2556;
2472;
2599;
2820;
2544;
2559;
2176;
1996;
2275;
2362;
2967;
3040;
2920;
2544;
1856;
1817;
1886;
2431;
3132;
3287;
3194;
2552;
1712;
1661;
1589;
2415;
3166;
3415;
3500;
2432;
1888;
1336;
1537;
2391;
3060;
3671;
3440;
2632;
1856;
1280;
1495;
2275;
2991;
3695;
3376;
2784;
1936;
1320;
1679;
2083;
3028;
3412;
3300;
2848;
1952;
1782;
1683;
2205;
2846;
3022;
3190;
2672;
2200;
2098;
1912;
2359;
2647;
2738;
2922;
2496;
2442;
2272;
2195;
2519;
2440;
2676;
2578;
2450;
2542;
2336;
2515;
2488;
2464;
2510;
2367;
2475;
2478;
2586;
2636;
2482;
2490;
2250;
2303;
2468;
2514;
2831;
2650;
2496;
2360;
2032;
2331;
2437;
2756;
2978;
2644;
2520;
2032;
1994;
2259;
2527;
3031;
2978;
2760;
2336;
1872;
1951;
2187;
2695;
3127;
3048;
2824;
2184;
1855;
1873;
2147;
2771;
3071;
3174;
2800;
2176;
1890;
1762;
2215;
2714;
3111;
3208;
2776;
2288;
1840;
1779;
2175;
2644;
3127;
3188;
2832;
2320;
1824;
1791;
2085;
2635;
3151;
3199;
2968;
2272;
1832;
1706;
1991;
2671;
3098;
3318;
2976;
2256;
1872;
1626;
2039;
2655;
3069;
3326;
2874;
2296;
1920;
1688;
2167;
2619;
3023;
3199;
2728;
2336;
1938;
1891;
2292;
2635;
3007;
2980;
2624;
2256;
1968;
2051;
2399;
2767;
2991;
2884;
2504;
2096;
1952;
2091;
2535;
2927;
3046;
2879;
2352;
1960;
1862;
2087;
2671;
3034;
3171;
2856;
2248;
1898;
1753;
2159;
2706;
3080;
3211;
2768;
2256;
1880;
1810;
2255;
2671;
3070;
3086;
2696;
2312;
1912;
1967;
2287;
2636;
3014;
2928;
2692;
2320;
2016;
2087;
2279;
2635;
2871;
2872;
2684;
2360;
2144;
2094;
2283;
2535;
2782;
2856;
2714;
2480;
2208;
2123;
2218;
2452;
2719;
2839;
2780;
2559;
2274;
2128;
2159;
2382;
2655;
2839;
2828;
2616;
2330;
2144;
2139;
2316;
2594;
2786;
2818;
2700;
2432;
2258;
2154;
2250;
2462;
2643;
2791;
2736;
2616;
2394;
2240;
2220;
2267;
2487;
2634;
2763;
2762;
2594;
2432;
2204;
2160;
2249;
2431;
2719;
2859;
2854;
2642;
2272;
2064;
1984;
2236;
2620;
2927;
3082;
2808;
2384;
1976;
1848;
2111;
2535;
2996;
3106;
2888;
2408;
1984;
1886;
2095;
2540;
2917;
3050;
2848;
2432;
2084;
1954;
2148;
2500;
2837;
2991;
2808;
2468;
2136;
2006;
2171;
2474;
2815;
2943;
2808;
2480;
2128;
2018;
2147;
2487;
2831;
2972;
2832;
2448;
2108;
1976;
2147;
2508;
2861;
3003;
2836;
2456;
2096;
1976;
2127;
2479;
2863;
2980;
2878;
2496;
2104;
1990;
2067;
2447;
2823;
2990;
2944;
2536;
2152;
1958;
2013;
2411;
2782;
3031;
2966;
2552;
2152;
1912;
2015;
2415;
2820;
3063;
2938;
2520;
2108;
1908;
2031;
2447;
2847;
3067;
2928;
2496;
2104;
1888;
2039;
2447;
2836;
3106;
2936;
2528;
2128;
1842;
2019;
2390;
2823;
3132;
2972;
2600;
2128;
1848;
1991;
2347;
2807;
3079;
2962;
2616;
2172;
1944;
2046;
2351;
2748;
2943;
2874;
2600;
2258;
2088;
2137;
2375;
2655;
2804;
2780;
2586;
2344;
2212;
2231;
2398;
2599;
2702;
2708;
2540;
2376;
2284;
2302;
2459;
2583;
2668;
2611;
2466;
2355;
2311;
2398;
2535;
2638;
2647;
2550;
2367;
2296;
2296;
2450;
2619;
2710;
2679;
2496;
2324;
2195;
2291;
2463;
2687;
2796;
2704;
2508;
2224;
2136;
2215;
2475;
2735;
2879;
2787;
2506;
2200;
2040;
2151;
2422;
2767;
2951;
2864;
2568;
2176;
1984;
2057;
2379;
2766;
3002;
2934;
2616;
2184;
1956;
2019;
2335;
2750;
2981;
2954;
2632;
2224;
2016;
2043;
2335;
2676;
2898;
2866;
2626;
2296;
2128;
2147;
2347;
2631;
2758;
2774;
2594;
2360;
2256;
2252;
2411;
2559;
2650;
2660;
2534;
2408;
2354;
2346;
2451;
2532;
2574;
2590;
2482;
2448;
2404;
2422;
2507;
2524;
2546;
2480;
2419;
2416;
2442;
2539;
2591;
2568;
2482;
2374;
2322;
2388;
2514;
2647;
2680;
2586;
2420;
2267;
2258;
2366;
2566;
2707;
2718;
2616;
2400;
2264;
2235;
2354;
2538;
2668;
2726;
2623;
2464;
2294;
2243;
2310;
2479;
2659;
2732;
2670;
2490;
2312;
2218;
2299;
2454;
2665;
2735;
2675;
2506;
2272;
2235;
2287;
2479;
2683;
2732;
2687;
2466;
2290;
2206;
2292;
2479;
2687;
2766;
2684;
2490;
2256;
2192;
2264;
2483;
2703;
2788;
2700;
2484;
2264;
2183;
2297;
2462;
2679;
2724;
2658;
2492;
2306;
2302;
2337;
2472;
2603;
2612;
2580;
2488;
2416;
2402;
2430;
2467;
2520;
2502;
2496;
2481;
2475;
2512;
2496;
2503;
2462;
2424;
2428;
2459;
2530;
2575;
2570;
2500;
2434;
2347;
2373;
2462;
2559;
2660;
2596;
2506;
2367;
2293;
2364;
2468;
2611;
2674;
2595;
2476;
2344;
2303;
2396;
2495;
2615;
2618;
2547;
2464;
2374;
2418;
2452;
2511;
2528;
2484;
2487;
2464;
2508;
2535;
2508;
2474;
2392;
2378;
2451;
2543;
2640;
2615;
2512;
2363;
2262;
2329;
2469;
2656;
2732;
2656;
2490;
2272;
2206;
2298;
2486;
2695;
2762;
2687;
2480;
2264;
2198;
2253;
2463;
2676;
2778;
2740;
2530;
2296;
2160;
2207;
2421;
2647;
2815;
2752;
2556;
2288;
2142;
2223;
2415;
2682;
2812;
2732;
2544;
2256;
2170;
2263;
2463;
2710;
2764;
2680;
2472;
2242;
2246;
2339;
2540;
2703;
2694;
2600;
2362;
2260;
2292;
2435;
2642;
2710;
2664;
2472;
2281;
2232;
2326;
2535;
2719;
2750;
2634;
2376;
2216;
2192;
2339;
2618;
2766;
2800;
2616;
2336;
2175;
2139;
2367;
2619;
2803;
2828;
2608;
2346;
2152;
2147;
2364;
2606;
2807;
2794;
2608;
2376;
2168;
2192;
2356;
2580;
2766;
2746;
2623;
2404;
2251;
2264;
2350;
2548;
2655;
2682;
2618;
2442;
2367;
2300;
2355;
2487;
2579;
2659;
2620;
2518;
2402;
2314;
2347;
2436;
2559;
2646;
2618;
2540;
2392;
2322;
2360;
2443;
2588;
2630;
2598;
2492;
2367;
2359;
2386;
2511;
2582;
2583;
2528;
2434;
2410;
2427;
2487;
2549;
2528;
2482;
2440;
2422;
2488;
2539;
2579;
2535;
2442;
2396;
2363;
2448;
2538;
2623;
2620;
2534;
2418;
2320;
2342;
2420;
2555;
2654;
2644;
2572;
2424;
2323;
2320;
2383;
2518;
2623;
2663;
2618;
2464;
2367;
2318;
2340;
2483;
2580;
2658;
2623;
2508;
2407;
2320;
2350;
2446;
2551;
2643;
2622;
2544;
2416;
2330;
2344;
2427;
2543;
2636;
2634;
2544;
2422;
2328;
2339;
2424;
2543;
2632;
2630;
2538;
2420;
2332;
2343;
2439;
2536;
2623;
2630;
2532;
2428;
2344;
2356;
2431;
2537;
2608;
2592;
2518;
2404;
2379;
2404;
2483;
2567;
2556;
2530;
2456;
2408;
2439;
2479;
2555;
2539;
2491;
2438;
2394;
2443;
2531;
2588;
2596;
2496;
2388;
2320;
2366;
2510;
2633;
2687;
2592;
2432;
2290;
2239;
2383;
2558;
2723;
2748;
2579;
2384;
2194;
2207;
2383;
2590;
2795;
2770;
2612;
2364;
2154;
2171;
2335;
2591;
2807;
2814;
2660;
2366;
2144;
2131;
2292;
2583;
2799;
2843;
2686;
2384;
2186;
2130;
2291;
2530;
2735;
2835;
2684;
2464;
2256;
2162;
2278;
2443;
2668;
2766;
2722;
2576;
2344;
2224;
2219;
2340;
2575;
2740;
2802;
2683;
2410;
2226;
2110;
2244;
2519;
2751;
2904;
2744;
2448;
2176;
2044;
2219;
2515;
2804;
2938;
2752;
2440;
2144;
2040;
2215;
2521;
2795;
2906;
2740;
2452;
2208;
2083;
2223;
2485;
2714;
2850;
2744;
2512;
2282;
2122;
2235;
2431;
2642;
2796;
2696;
2552;
2336;
2204;
2319;
2431;
2615;
2715;
2608;
2504;
2339;
2311;
2423;
2499;
2623;
2598;
2484;
2422;
2338;
2414;
2534;
2600;
2631;
2499;
2388;
2320;
2340;
2484;
2611;
2670;
2623;
2472;
2344;
2293;
2334;
2495;
2620;
2666;
2634;
2480;
2352;
2303;
2319;
2484;
2603;
2666;
2640;
2488;
2364;
2300;
2322;
2487;
2600;
2671;
2619;
2476;
2354;
2290;
2367;
2511;
2618;
2663;
2568;
2440;
2339;
2303;
2415;
2543;
2634;
2640;
2522;
2408;
2332;
2354;
2467;
2567;
2620;
2580;
2490;
2400;
2367;
2422;
2488;
2554;
2574;
2522;
2473;
2426;
2414;
2444;
2479;
2516;
2523;
2530;
2506;
2490;
2454;
2422;
2430;
2460;
2520;
2559;
2549;
2504;
2429;
2367;
2402;
2463;
2543;
2596;
2556;
2488;
2403;
2386;
2407;
2484;
2552;
2547;
2546;
2475;
2440;
2436;
2432;
2480;
2506;
2514;
2526;
2494;
2468;
2472;
2459;
2475;
2476;
2476;
2490;
2486;
2500;
2504;
2508;
2488;
2456;
2426;
2430;
2471;
2519;
2572;
2553;
2512;
2422;
2366;
2407;
2451;
2542;
2606;
2578;
2500;
2405;
2346;
2405;
2476;
2559;
2600;
2538;
2474;
2416;
2415;
2461;
2495;
2524;
2490;
2472;
2483;
2492;
2532;
2519;
2476;
2432;
2392;
2431;
2500;
2570;
2613;
2544;
2453;
2344;
2324;
2415;
2503;
2631;
2659;
2582;
2464;
2330;
2300;
2351;
2479;
2623;
2687;
2640;
2516;
2338;
2258;
2287;
2426;
2614;
2719;
2706;
2556;
2356;
2243;
2271;
2404;
2584;
2702;
2684;
2572;
2402;
2303;
2298;
2383;
2524;
2612;
2659;
2602;
2488;
2394;
2326;
2367;
2460;
2554;
2639;
2606;
2518;
2420;
2324;
2360;
2450;
2555;
2644;
2597;
2520;
2392;
2328;
2384;
2466;
2587;
2623;
2572;
2496;
2378;
2352;
2411;
2476;
2586;
2592;
2547;
2476;
2394;
2384;
2416;
2483;
2566;
2576;
2548;
2468;
2414;
2406;
2422;
2499;
2556;
2556;
2522;
2450;
2402;
2412;
2467;
2551;
2574;
2538;
2480;
2408;
2384;
2446;
2507;
2559;
2590;
2514;
2456;
2388;
2388;
2466;
2519;
2583;
2572;
2512;
2464;
2400;
2408;
2430;
2477;
2551;
2546;
2559;
2512;
2426;
2406;
2374;
2444;
2535;
2567;
2623;
2539;
2464;
2395;
2324;
2404;
2474;
2579;
2643;
2598;
2532;
2404;
2311;
2350;
2411;
2543;
2654;
2656;
2584;
2432;
2302;
2280;
2354;
2538;
2678;
2704;
2620;
2434;
2282;
2256;
2363;
2543;
2687;
2708;
2584;
2416;
2282;
2288;
2406;
2549;
2670;
2658;
2544;
2400;
2334;
2362;
2444;
2555;
2588;
2578;
2518;
2440;
2426;
2426;
2443;
2494;
2496;
2515;
2526;
2512;
2508;
2472;
2452;
2422;
2427;
2471;
2520;
2570;
2556;
2504;
2443;
2404;
2414;
2452;
2523;
2550;
2542;
2510;
2471;
2444;
2446;
2456;
2476;
2494;
2504;
2512;
2506;
2499;
2490;
2472;
2440;
2442;
2450;
2486;
2547;
2556;
2558;
2494;
2410;
2373;
2367;
2454;
2559;
2618;
2630;
2536;
2400;
2328;
2311;
2411;
2550;
2653;
2683;
2584;
2432;
2297;
2254;
2367;
2528;
2675;
2723;
2622;
2458;
2296;
2236;
2327;
2495;
2655;
2724;
2656;
2488;
2336;
2251;
2303;
2455;
2615;
2708;
2682;
2522;
2360;
2260;
2298;
2431;
2588;
2687;
2652;
2522;
2367;
2300;
2334;
2444;
2586;
2640;
2604;
2496;
2392;
2357;
2407;
2503;
2559;
2559;
2504;
2426;
2415;
2463;
2524;
2578;
2540;
2455;
2380;
2358;
2449;
2570;
2651;
2623;
2512;
2352;
2261;
2324;
2467;
2647;
2735;
2660;
2502;
2296;
2210;
2303;
2471;
2675;
2750;
2682;
2504;
2288;
2227;
2285;
2459;
2669;
2720;
2687;
2508;
2316;
2260;
2287;
2455;
2615;
2687;
2658;
2506;
2384;
2294;
2339;
2447;
2543;
2623;
2603;
2548;
2468;
2385;
2362;
2367;
2426;
2546;
2604;
2640;
2580;
2466;
2360;
2284;
2351;
2471;
2615;
2703;
2644;
2530;
2336;
2246;
2319;
2443;
2635;
2722;
2656;
2514;
2324;
2262;
2322;
2463;
2631;
2683;
2630;
2480;
2338;
2310;
2356;
2503;
2614;
2648;
2578;
2450;
2346;
2338;
2418;
2535;
2611;
2616;
2524;
2422;
2339;
2350;
2460;
2553;
2623;
2614;
2500;
2404;
2320;
2352;
2469;
2572;
2658;
2606;
2496;
2372;
2298;
2362;
2462;
2590;
2660;
2600;
2512;
2376;
2308;
2356;
2452;
2584;
2654;
2614;
2512;
2392;
2328;
2355;
2461;
2567;
2616;
2592;
2510;
2428;
2373;
2387;
2448;
2514;
2556;
2555;
2520;
2476;
2427;
2422;
2431;
2467;
2512;
2534;
2540;
2500;
2457;
2434;
2424;
2458;
2512;
2542;
2526;
2484;
2450;
2432;
2460;
2497;
2512;
2519;
2480;
2459;
2466;
2488;
2507;
2500;
2472;
2438;
2444;
2476;
2531;
2549;
2520;
2464;
2398;
2390;
2447;
2534;
2598;
2580;
2502;
2408;
2350;
2392;
2476;
2575;
2622;
2578;
2474;
2373;
2342;
2400;
2495;
2598;
2620;
2551;
2456;
2360;
2358;
2419;
2529;
2615;
2596;
2520;
2400;
2346;
2384;
2475;
2594;
2620;
2566;
2464;
2360;
2342;
2416;
2532;
2631;
2615;
2532;
2396;
2322;
2347;
2450;
2584;
2648;
2630;
2506;
2373;
2324;
2356;
2462;
2583;
2623;
2620;
2502;
2410;
2356;
2344;
2451;
2523;
2587;
2602;
2544;
2474;
2408;
2360;
2410;
2456;
2540;
2588;
2586;
2564;
2440;
2392;
2342;
2392;
2488;
2590;
2656;
2602;
2498;
2352;
2293;
2313;
2451;
2612;
2708;
2696;
2552;
2344;
2226;
2232;
2383;
2604;
2767;
2790;
2618;
2367;
2168;
2118;
2295;
2555;
2810;
2892;
2728;
2448;
2144;
2035;
2170;
2463;
2804;
2959;
2870;
2544;
2176;
1970;
2043;
2350;
2743;
2994;
2972;
2672;
2256;
1968;
1959;
2231;
2620;
2950;
3032;
2808;
2432;
2066;
1940;
2078;
2415;
2798;
3020;
2980;
2672;
2248;
1952;
1914;
2191;
2599;
2990;
3119;
2888;
2448;
2000;
1820;
1995;
2407;
2903;
3175;
3072;
2656;
2112;
1800;
1837;
2227;
2739;
3148;
3208;
2850;
2320;
1852;
1722;
2023;
2516;
3071;
3279;
3056;
2552;
1952;
1672;
1839;
2306;
2918;
3286;
3216;
2776;
2120;
1712;
1699;
2095;
2711;
3207;
3327;
2968;
2368;
1832;
1624;
1918;
2467;
3038;
3322;
3120;
2616;
2040;
1680;
1819;
2252;
2787;
3215;
3188;
2856;
2288;
1832;
1784;
2023;
2519;
3019;
3187;
3058;
2576;
2048;
1802;
1842;
2275;
2793;
3135;
3210;
2808;
2256;
1864;
1731;
2108;
2599;
3055;
3252;
2928;
2448;
1960;
1739;
2019;
2431;
2903;
3196;
2978;
2608;
2112;
1824;
1994;
2283;
2727;
3055;
2988;
2756;
2304;
1984;
1986;
2159;
2562;
2895;
2968;
2856;
2472;
2144;
2016;
2097;
2423;
2734;
2916;
2871;
2600;
2288;
2090;
2107;
2311;
2591;
2823;
2856;
2722;
2448;
2184;
2111;
2191;
2459;
2741;
2863;
2832;
2559;
2248;
2080;
2094;
2358;
2677;
2890;
2912;
2656;
2308;
2072;
2042;
2268;
2583;
2875;
2936;
2752;
2440;
2128;
2039;
2167;
2447;
2791;
2932;
2852;
2592;
2200;
2026;
2062;
2319;
2719;
2951;
2950;
2704;
2256;
2012;
1989;
2227;
2663;
2951;
2994;
2760;
2312;
2016;
1958;
2207;
2615;
2924;
3005;
2760;
2360;
2048;
1972;
2230;
2586;
2903;
2966;
2708;
2368;
2064;
2027;
2287;
2591;
2900;
2908;
2648;
2328;
2048;
2090;
2351;
2659;
2919;
2836;
2580;
2256;
2042;
2172;
2415;
2738;
2908;
2752;
2512;
2184;
2099;
2255;
2483;
2778;
2811;
2680;
2448;
2196;
2219;
2315;
2551;
2711;
2698;
2623;
2410;
2314;
2322;
2374;
2511;
2578;
2600;
2614;
2490;
2491;
2372;
2359;
2378;
2416;
2585;
2616;
2672;
2576;
2404;
2317;
2246;
2358;
2543;
2658;
2759;
2612;
2436;
2303;
2182;
2364;
2485;
2686;
2768;
2616;
2504;
2256;
2216;
2335;
2471;
2718;
2720;
2656;
2482;
2240;
2257;
2295;
2492;
2700;
2726;
2683;
2452;
2272;
2236;
2286;
2531;
2670;
2742;
2660;
2404;
2303;
2196;
2354;
2557;
2652;
2767;
2576;
2426;
2288;
2220;
2419;
2515;
2687;
2714;
2568;
2458;
2272;
2261;
2358;
2486;
2687;
2708;
2640;
2492;
2288;
2232;
2273;
2477;
2651;
2747;
2726;
2496;
2336;
2174;
2231;
2467;
2623;
2822;
2724;
2528;
2322;
2130;
2243;
2431;
2655;
2820;
2716;
2528;
2292;
2146;
2268;
2451;
2699;
2796;
2680;
2488;
2248;
2204;
2299;
2500;
2718;
2754;
2652;
2416;
2232;
2220;
2347;
2575;
2734;
2748;
2604;
2384;
2224;
2214;
2388;
2595;
2734;
2754;
2576;
2376;
2224;
2204;
2390;
2556;
2743;
2760;
2594;
2410;
2196;
2219;
2332;
2555;
2756;
2759;
2658;
2400;
2216;
2192;
2303;
2563;
2740;
2790;
2674;
2378;
2224;
2171;
2314;
2581;
2732;
2795;
2616;
2384;
2236;
2201;
2380;
2559;
2727;
2704;
2564;
2388;
2266;
2322;
2420;
2591;
2648;
2600;
2522;
2372;
2356;
2420;
2476;
2583;
2568;
2516;
2462;
2376;
2420;
2475;
2539;
2582;
2520;
2458;
2390;
2389;
2468;
2550;
2608;
2566;
2480;
2367;
2350;
2411;
2508;
2619;
2623;
2539;
2433;
2324;
2357;
2443;
2536;
2644;
2590;
2520;
2416;
2334;
2399;
2428;
2534;
2572;
2564;
2554;
2450;
2430;
2398;
2400;
2471;
2500;
2567;
2584;
2524;
2499;
2394;
2384;
2400;
2446;
2578;
2592;
2618;
2528;
2410;
2374;
2308;
2431;
2535;
2614;
2664;
2547;
2470;
2354;
2303;
2386;
2462;
2604;
2664;
2623;
2544;
2392;
2312;
2294;
2362;
2531;
2643;
2716;
2656;
2488;
2320;
2210;
2269;
2410;
2630;
2775;
2756;
2623;
2352;
2187;
2162;
2281;
2564;
2762;
2859;
2736;
2448;
2210;
2072;
2175;
2447;
2735;
2931;
2842;
2576;
2224;
2008;
2083;
2367;
2722;
2959;
2922;
2648;
2248;
2016;
2025;
2303;
2679;
2927;
2954;
2684;
2306;
2056;
2025;
2285;
2612;
2877;
2932;
2688;
2376;
2114;
2078;
2295;
2550;
2796;
2834;
2668;
2432;
2216;
2199;
2331;
2515;
2683;
2694;
2628;
2468;
2346;
2333;
2379;
2484;
2557;
2594;
2568;
2494;
2451;
2395;
2428;
2471;
2508;
2559;
2512;
2482;
2440;
2407;
2470;
2516;
2568;
2574;
2472;
2400;
2339;
2396;
2530;
2639;
2682;
2588;
2400;
2260;
2234;
2367;
2602;
2763;
2780;
2616;
2346;
2172;
2157;
2349;
2622;
2803;
2820;
2644;
2360;
2170;
2132;
2315;
2579;
2779;
2828;
2686;
2424;
2216;
2139;
2266;
2484;
2707;
2823;
2740;
2528;
2288;
2163;
2213;
2381;
2623;
2770;
2772;
2640;
2394;
2236;
2175;
2279;
2495;
2667;
2804;
2740;
2546;
2332;
2152;
2175;
2335;
2579;
2809;
2830;
2712;
2424;
2160;
2101;
2211;
2503;
2787;
2879;
2792;
2488;
2196;
2080;
2169;
2431;
2719;
2871;
2788;
2552;
2284;
2136;
2194;
2379;
2614;
2766;
2752;
2622;
2408;
2252;
2242;
2318;
2495;
2652;
2699;
2682;
2522;
2362;
2278;
2260;
2410;
2559;
2671;
2700;
2600;
2434;
2303;
2261;
2346;
2495;
2642;
2715;
2648;
2490;
2338;
2250;
2290;
2446;
2607;
2708;
2696;
2544;
2378;
2256;
2255;
2394;
2549;
2706;
2722;
2602;
2440;
2266;
2243;
2323;
2503;
2674;
2727;
2669;
2492;
2320;
2230;
2286;
2449;
2631;
2730;
2694;
2544;
2354;
2252;
2280;
2415;
2583;
2703;
2674;
2556;
2394;
2286;
2303;
2403;
2551;
2646;
2634;
2544;
2426;
2340;
2352;
2439;
2542;
2602;
2576;
2508;
2416;
2382;
2415;
2487;
2559;
2557;
2520;
2438;
2400;
2412;
2470;
2552;
2574;
2567;
2474;
2388;
2378;
2402;
2500;
2594;
2603;
2576;
2466;
2358;
2354;
2384;
2509;
2603;
2618;
2586;
2456;
2384;
2350;
2379;
2491;
2557;
2594;
2582;
2488;
2428;
2388;
2388;
2462;
2520;
2578;
2584;
2512;
2470;
2386;
2390;
2452;
2498;
2579;
2556;
2524;
2464;
2400;
2410;
2434;
2499;
2547;
2556;
2532;
2480;
2432;
2423;
2411;
2466;
2517;
2548;
2572;
2514;
2472;
2402;
2376;
2438;
2475;
2575;
2600;
2559;
2480;
2376;
2344;
2378;
2466;
2586;
2658;
2604;
2506;
2344;
2286;
2350;
2471;
2631;
2695;
2632;
2484;
2316;
2260;
2349;
2494;
2667;
2704;
2604;
2460;
2288;
2275;
2383;
2527;
2674;
2650;
2548;
2410;
2289;
2331;
2438;
2572;
2656;
2594;
2504;
2392;
2334;
2398;
2479;
2581;
2599;
2538;
2456;
2390;
2400;
2451;
2532;
2558;
2536;
2482;
2404;
2414;
2455;
2527;
2580;
2542;
2486;
2400;
2364;
2425;
2499;
2610;
2628;
2536;
2438;
2320;
2312;
2414;
2547;
2683;
2678;
2588;
2400;
2244;
2246;
2347;
2570;
2732;
2762;
2648;
2384;
2232;
2174;
2292;
2550;
2734;
2822;
2696;
2432;
2234;
2120;
2247;
2499;
2715;
2851;
2736;
2506;
2264;
2116;
2219;
2427;
2668;
2819;
2758;
2558;
2298;
2172;
2211;
2399;
2615;
2769;
2746;
2582;
2370;
2232;
2240;
2375;
2549;
2687;
2707;
2592;
2434;
2296;
2291;
2383;
2503;
2637;
2634;
2566;
2456;
2356;
2367;
2406;
2502;
2574;
2558;
2542;
2456;
2416;
2426;
2440;
2514;
2516;
2514;
2507;
2455;
2468;
2462;
2482;
2502;
2492;
2508;
2478;
2470;
2470;
2458;
2508;
2507;
2512;
2510;
2456;
2440;
2428;
2448;
2530;
2554;
2559;
2522;
2424;
2376;
2367;
2443;
2555;
2618;
2620;
2534;
2396;
2314;
2324;
2428;
2564;
2674;
2660;
2556;
2394;
2280;
2282;
2388;
2559;
2686;
2698;
2598;
2400;
2256;
2251;
2375;
2559;
2702;
2723;
2592;
2388;
2258;
2253;
2399;
2575;
2704;
2687;
2538;
2386;
2282;
2316;
2439;
2578;
2663;
2623;
2520;
2400;
2330;
2364;
2447;
2551;
2604;
2592;
2536;
2440;
2389;
2374;
2419;
2503;
2583;
2609;
2559;
2476;
2380;
2347;
2404;
2486;
2598;
2618;
2559;
2458;
2357;
2356;
2425;
2526;
2616;
2601;
2522;
2414;
2348;
2390;
2470;
2566;
2610;
2568;
2488;
2394;
2367;
2410;
2492;
2570;
2585;
2555;
2468;
2418;
2392;
2414;
2494;
2540;
2568;
2544;
2480;
2439;
2423;
2442;
2499;
2508;
2532;
2506;
2466;
2476;
2460;
2488;
2500;
2486;
2496;
2456;
2477;
2500;
2488;
2514;
2486;
2467;
2472;
2450;
2496;
2500;
2502;
2499;
2471;
2473;
2476;
2487;
2500;
2495;
2480;
2471;
2475;
2490;
2510;
2511;
2490;
2472;
2440;
2444;
2494;
2514;
2540;
2520;
2464;
2430;
2414;
2450;
2515;
2567;
2584;
2522;
2438;
2374;
2374;
2440;
2550;
2635;
2623;
2528;
2392;
2299;
2326;
2438;
2600;
2695;
2656;
2522;
2336;
2242;
2299;
2442;
2654;
2742;
2687;
2522;
2296;
2219;
2283;
2455;
2678;
2743;
2680;
2484;
2280;
2222;
2318;
2501;
2687;
2734;
2632;
2440;
2278;
2244;
2367;
2550;
2683;
2687;
2570;
2412;
2280;
2283;
2415;
2559;
2675;
2666;
2538;
2390;
2280;
2303;
2431;
2575;
2687;
2656;
2524;
2386;
2290;
2318;
2443;
2580;
2671;
2636;
2542;
2402;
2310;
2334;
2428;
2543;
2623;
2632;
2548;
2438;
2360;
2350;
2415;
2503;
2587;
2602;
2564;
2486;
2408;
2384;
2404;
2471;
2534;
2555;
2544;
2515;
2464;
2432;
2426;
2446;
2469;
2508;
2528;
2520;
2523;
2482;
2452;
2437;
2416;
2466;
2487;
2538;
2567;
2526;
2491;
2417;
2375;
2420;
2471;
2555;
2602;
2558;
2502;
2395;
2358;
2391;
2455;
2575;
2619;
2592;
2508;
2402;
2334;
2352;
2443;
2564;
2638;
2620;
2534;
2416;
2312;
2322;
2407;
2532;
2638;
2652;
2576;
2452;
2326;
2308;
2367;
2499;
2623;
2650;
2600;
2488;
2376;
2322;
2364;
2461;
2567;
2609;
2572;
2512;
2427;
2380;
2405;
2454;
2510;
2532;
2518;
2512;
2482;
2479;
2478;
2462;
2467;
2440;
2452;
2496;
2526;
2555;
2536;
2474;
2422;
2376;
2411;
2478;
2553;
2587;
2559;
2482;
2408;
2363;
2407;
2478;
2559;
2592;
2568;
2480;
2396;
2363;
2395;
2479;
2569;
2608;
2580;
2490;
2390;
2354;
2375;
2481;
2571;
2619;
2586;
2490;
2394;
2345;
2383;
2467;
2559;
2598;
2582;
2512;
2422;
2380;
2398;
2446;
2523;
2534;
2551;
2521;
2480;
2467;
2432;
2444;
2458;
2472;
2520;
2532;
2534;
2522;
2448;
2414;
2396;
2424;
2511;
2551;
2586;
2544;
2446;
2388;
2360;
2428;
2519;
2597;
2616;
2536;
2440;
2340;
2343;
2423;
2535;
2639;
2632;
2536;
2412;
2308;
2327;
2431;
2559;
2661;
2643;
2532;
2384;
2296;
2322;
2446;
2591;
2667;
2634;
2500;
2356;
2303;
2351;
2483;
2614;
2648;
2592;
2468;
2344;
2332;
2387;
2514;
2618;
2621;
2564;
2448;
2352;
2356;
2401;
2511;
2602;
2612;
2579;
2468;
2367;
2347;
2367;
2471;
2576;
2612;
2607;
2514;
2416;
2358;
2348;
2430;
2523;
2591;
2618;
2558;
2472;
2392;
2336;
2376;
2454;
2558;
2623;
2619;
2532;
2428;
2328;
2319;
2395;
2516;
2634;
2666;
2592;
2466;
2328;
2291;
2354;
2483;
2623;
2687;
2623;
2496;
2346;
2282;
2317;
2452;
2597;
2676;
2647;
2536;
2380;
2298;
2303;
2411;
2551;
2652;
2670;
2568;
2432;
2324;
2296;
2386;
2523;
2643;
2648;
2578;
2460;
2354;
2327;
2387;
2498;
2591;
2630;
2582;
2500;
2400;
2352;
2376;
2439;
2550;
2606;
2611;
2544;
2434;
2364;
2348;
2398;
2523;
2608;
2642;
2584;
2442;
2350;
2308;
2380;
2519;
2623;
2675;
2596;
2456;
2332;
2278;
2367;
2511;
2631;
2687;
2604;
2484;
2355;
2292;
2348;
2454;
2595;
2667;
2623;
2547;
2402;
2308;
2303;
2383;
2539;
2655;
2687;
2623;
2459;
2298;
2242;
2322;
2503;
2674;
2750;
2675;
2480;
2280;
2199;
2295;
2487;
2683;
2746;
2672;
2480;
2288;
2244;
2303;
2483;
2636;
2682;
2644;
2490;
2364;
2314;
2346;
2471;
2570;
2616;
2596;
2504;
2428;
2379;
2396;
2471;
2519;
2568;
2540;
2500;
2452;
2422;
2455;
2482;
2519;
2530;
2488;
2476;
2448;
2464;
2494;
2511;
2523;
2486;
2450;
2456;
2460;
2512;
2531;
2524;
2482;
2432;
2424;
2460;
2515;
2567;
2566;
2494;
2420;
2367;
2403;
2498;
2580;
2623;
2580;
2448;
2363;
2328;
2395;
2530;
2613;
2647;
2576;
2450;
2356;
2318;
2387;
2499;
2591;
2643;
2604;
2496;
2396;
2326;
2347;
2430;
2537;
2634;
2642;
2576;
2448;
2326;
2308;
2384;
2515;
2643;
2674;
2588;
2448;
2312;
2294;
2387;
2530;
2658;
2668;
2570;
2420;
2300;
2303;
2412;
2555;
2658;
2640;
2532;
2386;
2310;
2352;
2462;
2606;
2658;
2592;
2484;
2338;
2314;
2400;
2523;
2650;
2635;
2548;
2400;
2303;
2344;
2458;
2599;
2663;
2598;
2474;
2340;
2308;
2398;
2514;
2623;
2636;
2552;
2438;
2339;
2355;
2423;
2530;
2609;
2588;
2542;
2432;
2382;
2380;
2423;
2510;
2566;
2576;
2551;
2482;
2416;
2392;
2399;
2467;
2548;
2578;
2572;
2512;
2420;
2379;
2392;
2471;
2559;
2588;
2574;
2484;
2394;
2376;
2394;
2500;
2579;
2596;
2554;
2440;
2388;
2386;
2427;
2523;
2570;
2579;
2534;
2444;
2416;
2396;
2436;
2508;
2530;
2547;
2528;
2476;
2464;
2421;
2433;
2450;
2476;
2527;
2545;
2535;
2512;
2458;
2412;
2397;
2422;
2492;
2556;
2588;
2570;
2496;
2404;
2348;
2364;
2447;
2552;
2623;
2630;
2548;
2424;
2328;
2312;
2390;
2516;
2623;
2666;
2600;
2464;
2340;
2294;
2356;
2479;
2612;
2652;
2617;
2496;
2380;
2323;
2351;
2450;
2550;
2610;
2596;
2536;
2448;
2394;
2383;
2426;
2476;
2512;
2544;
2534;
2514;
2491;
2454;
2443;
2426;
2428;
2459;
2503;
2546;
2572;
2542;
2483;
2410;
2364;
2380;
2442;
2551;
2614;
2616;
2548;
2432;
2352;
2335;
2391;
2506;
2591;
2632;
2598;
2500;
2406;
2334;
2339;
2410;
2519;
2623;
2650;
2612;
2484;
2338;
2294;
2294;
2447;
2623;
2711;
2702;
2520;
2332;
2238;
2256;
2438;
2638;
2730;
2698;
2512;
2336;
2242;
2291;
2460;
2622;
2684;
2636;
2492;
2360;
2328;
2367;
2474;
2576;
2598;
2564;
2484;
2416;
2402;
2426;
2479;
2532;
2523;
2506;
2467;
2448;
2460;
2490;
2526;
2504;
2482;
2450;
2418;
2446;
2491;
2559;
2583;
2528;
2448;
2367;
2352;
2422;
2532;
2630;
2639;
2544;
2396;
2296;
2298;
2418;
2573;
2687;
2670;
2546;
2367;
2275;
2280;
2420;
2582;
2695;
2687;
2540;
2392;
2283;
2300;
2407;
2555;
2643;
2664;
2544;
2432;
2328;
2331;
2415;
2500;
2620;
2606;
2594;
2466;
2390;
2358;
2374;
2475;
2548;
2623;
2588;
2524;
2416;
2362;
2358;
2444;
2539;
2598;
2623;
2522;
2450;
2342;
2338;
2412;
2504;
2611;
2644;
2582;
2456;
2360;
2296;
2378;
2479;
2618;
2673;
2596;
2500;
2336;
2296;
2331;
2471;
2614;
2672;
2652;
2488;
2364;
2266;
2333;
2458;
2599;
2687;
2644;
2520;
2360;
2290;
2298;
2438;
2578;
2686;
2656;
2556;
2410;
2276;
2297;
2378;
2535;
2660;
2680;
2623;
2444;
2330;
2254;
2319;
2468;
2619;
2706;
2678;
2532;
2367;
2256;
2253;
2392;
2535;
2702;
2730;
2632;
2468;
2282;
2234;
2270;
2452;
2648;
2746;
2739;
2576;
2352;
2209;
2198;
2339;
2574;
2755;
2812;
2684;
2432;
2228;
2135;
2251;
2478;
2719;
2852;
2768;
2532;
2264;
2111;
2168;
2391;
2647;
2839;
2822;
2634;
2356;
2146;
2135;
2292;
2543;
2770;
2850;
2722;
2472;
2236;
2116;
2214;
2429;
2671;
2812;
2784;
2584;
2344;
2180;
2175;
2342;
2543;
2755;
2795;
2668;
2474;
2256;
2195;
2271;
2446;
2660;
2754;
2710;
2584;
2352;
2252;
2251;
2358;
2575;
2680;
2714;
2618;
2436;
2324;
2284;
2351;
2516;
2620;
2658;
2614;
2460;
2384;
2338;
2382;
2499;
2559;
2611;
2559;
2464;
2410;
2386;
2421;
2504;
2546;
2568;
2532;
2454;
2422;
2408;
2451;
2516;
2540;
2546;
2518;
2452;
2435;
2434;
2460;
2508;
2523;
2548;
2519;
2480;
2452;
2420;
2436;
2477;
2508;
2542;
2533;
2507;
2476;
2432;
2436;
2452;
2482;
2526;
2524;
2526;
2492;
2448;
2443;
2439;
2470;
2496;
2522;
2532;
2512;
2480;
2448;
2424;
2451;
2486;
2516;
2558;
2522;
2491;
2434;
2396;
2439;
2482;
2555;
2590;
2552;
2486;
2404;
2350;
2414;
2476;
2575;
2612;
2574;
2512;
2378;
2354;
2384;
2463;
2591;
2612;
2604;
2508;
2384;
2349;
2352;
2441;
2587;
2623;
2623;
2534;
2384;
2340;
2325;
2450;
2580;
2629;
2644;
2506;
2394;
2328;
2330;
2465;
2559;
2623;
2623;
2506;
2418;
2341;
2355;
2459;
2524;
2608;
2594;
2526;
2474;
2367;
2395;
2406;
2479;
2578;
2555;
2582;
2502;
2416;
2420;
2362;
2469;
2509;
2548;
2591;
2518;
2492;
2424;
2402;
2414;
2463;
2490;
2582;
2536;
2572;
2482;
2412;
2398;
2334;
2484;
2512;
2634;
2620;
2528;
2434;
2315;
2331;
2402;
2550;
2646;
2675;
2556;
2436;
2303;
2292;
2400;
2508;
2676;
2650;
2614;
2438;
2328;
2284;
2326;
2519;
2596;
2714;
2622;
2510;
2365;
2262;
2323;
2438;
2579;
2671;
2668;
2536;
2443;
2288;
2319;
2378;
2494;
2651;
2632;
2639;
2482;
2367;
2320;
2312;
2438;
2559;
2643;
2680;
2580;
2432;
2336;
2266;
2348;
2499;
2614;
2720;
2644;
2524;
2352;
2256;
2300;
2397;
2587;
2686;
2704;
2598;
2416;
2284;
2238;
2327;
2509;
2668;
2724;
2668;
2488;
2320;
2216;
2277;
2447;
2622;
2758;
2686;
2552;
2338;
2224;
2276;
2379;
2596;
2687;
2687;
2584;
2394;
2298;
2267;
2351;
2530;
2631;
2687;
2648;
2464;
2362;
2259;
2303;
2458;
2572;
2714;
2672;
2548;
2395;
2264;
2280;
2389;
2551;
2663;
2686;
2588;
2432;
2303;
2279;
2356;
2508;
2613;
2670;
2608;
2482;
2394;
2303;
2359;
2431;
2535;
2638;
2610;
2566;
2440;
2348;
2348;
2399;
2499;
2596;
2619;
2588;
2468;
2374;
2352;
2367;
2492;
2559;
2623;
2570;
2496;
2406;
2336;
2394;
2442;
2566;
2600;
2576;
2526;
2404;
2367;
2386;
2437;
2551;
2580;
2584;
2528;
2406;
2391;
2375;
2442;
2555;
2552;
2586;
2502;
2443;
2424;
2384;
2464;
2494;
2536;
2554;
2512;
2500;
2436;
2418;
2439;
2454;
2516;
2551;
2540;
2532;
2464;
2420;
2400;
2419;
2483;
2535;
2576;
2559;
2504;
2420;
2367;
2388;
2444;
2554;
2586;
2599;
2536;
2427;
2376;
2338;
2418;
2524;
2591;
2623;
2572;
2458;
2376;
2328;
2387;
2478;
2566;
2630;
2592;
2520;
2416;
2361;
2351;
2411;
2507;
2578;
2623;
2594;
2504;
2408;
2328;
2343;
2426;
2535;
2651;
2663;
2576;
2443;
2298;
2287;
2367;
2527;
2663;
2675;
2590;
2436;
2308;
2308;
2401;
2535;
2632;
2644;
2539;
2427;
2352;
2357;
2450;
2519;
2582;
2576;
2500;
2460;
2408;
2420;
2468;
2495;
2536;
2507;
2494;
2483;
2442;
2466;
2464;
2487;
2510;
2500;
2496;
2471;
2464;
2471;
2472;
2496;
2500;
2504;
2491;
2476;
2476;
2460;
2474;
2492;
2499;
2526;
2496;
2499;
2462;
2436;
2452;
2462;
2524;
2546;
2532;
2502;
2442;
2406;
2411;
2454;
2542;
2583;
2566;
2512;
2418;
2372;
2385;
2460;
2551;
2598;
2598;
2514;
2424;
2344;
2367;
2435;
2532;
2615;
2616;
2552;
2442;
2336;
2335;
2392;
2518;
2639;
2644;
2586;
2450;
2320;
2312;
2379;
2526;
2643;
2660;
2586;
2434;
2320;
2312;
2383;
2535;
2644;
2662;
2579;
2432;
2336;
2320;
2395;
2517;
2621;
2638;
2572;
2460;
2360;
2348;
2399;
2500;
2582;
2608;
2568;
2474;
2396;
2380;
2408;
2483;
2551;
2564;
2547;
2478;
2436;
2428;
2447;
2484;
2504;
2503;
2492;
2502;
2495;
2506;
2488;
2448;
2430;
2428;
2482;
2548;
2583;
2568;
2484;
2387;
2340;
2380;
2495;
2622;
2666;
2612;
2456;
2314;
2274;
2334;
2510;
2668;
2724;
2656;
2466;
2292;
2214;
2292;
2483;
2674;
2768;
2704;
2504;
2288;
2188;
2251;
2447;
2675;
2786;
2730;
2536;
2300;
2192;
2227;
2418;
2644;
2758;
2730;
2559;
2340;
2228;
2248;
2407;
2599;
2708;
2710;
2570;
2396;
2303;
2277;
2395;
2521;
2634;
2651;
2576;
2470;
2376;
2344;
2387;
2465;
2559;
2595;
2600;
2528;
2440;
2392;
2376;
2428;
2495;
2559;
2584;
2542;
2492;
2428;
2386;
2419;
2462;
2528;
2568;
2546;
2520;
2450;
2411;
2426;
2428;
2492;
2536;
2528;
2540;
2490;
2456;
2434;
2408;
2453;
2494;
2539;
2570;
2544;
2488;
2428;
2379;
2399;
2454;
2531;
2593;
2587;
2530;
2448;
2378;
2367;
2415;
2499;
2583;
2611;
2570;
2484;
2388;
2352;
2383;
2465;
2591;
2623;
2596;
2512;
2378;
2326;
2352;
2462;
2586;
2652;
2618;
2506;
2374;
2296;
2345;
2462;
2607;
2674;
2608;
2488;
2344;
2292;
2356;
2487;
2632;
2678;
2594;
2460;
2325;
2295;
2367;
2503;
2639;
2656;
2580;
2464;
2340;
2322;
2399;
2502;
2607;
2622;
2556;
2460;
2394;
2366;
2428;
2486;
2554;
2566;
2520;
2480;
2430;
2418;
2452;
2478;
2522;
2523;
2504;
2488;
2464;
2450;
2479;
2476;
2500;
2508;
2480;
2482;
2448;
2462;
2491;
2510;
2535;
2508;
2468;
2434;
2420;
2454;
2506;
2552;
2559;
2512;
2444;
2394;
2395;
2446;
2535;
2589;
2567;
2520;
2418;
2367;
2403;
2448;
2551;
2570;
2547;
2506;
2416;
2415;
2434;
2467;
2529;
2522;
2514;
2490;
2458;
2461;
2475;
2471;
2495;
2484;
2475;
2484;
2482;
2496;
2503;
2494;
2482;
2464;
2448;
2470;
2486;
2510;
2535;
2500;
2484;
2458;
2436;
2455;
2486;
2504;
2536;
2510;
2492;
2474;
2428;
2447;
2451;
2484;
2522;
2528;
2522;
2492;
2458;
2440;
2423;
2451;
2502;
2528;
2547;
2534;
2484;
2440;
2410;
2410;
2462;
2514;
2556;
2574;
2524;
2472;
2412;
2378;
2423;
2470;
2555;
2584;
2570;
2512;
2412;
2367;
2380;
2450;
2549;
2595;
2600;
2524;
2412;
2352;
2363;
2440;
2554;
2613;
2620;
2530;
2420;
2342;
2343;
2436;
2548;
2617;
2623;
2530;
2432;
2364;
2351;
2431;
2514;
2589;
2600;
2531;
2466;
2404;
2386;
2427;
2479;
2539;
2566;
2550;
2502;
2452;
2410;
2414;
2440;
2487;
2547;
2544;
2532;
2487;
2437;
2432;
2426;
2470;
2512;
2535;
2532;
2507;
2468;
2446;
2446;
2452;
2478;
2506;
2508;
2519;
2494;
2476;
2458;
2440;
2460;
2487;
2499;
2523;
2514;
2487;
2467;
2436;
2455;
2472;
2494;
2530;
2515;
2493;
2462;
2436;
2456;
2470;
2508;
2520;
2520;
2504;
2462;
2443;
2445;
2470;
2508;
2524;
2528;
2504;
2470;
2428;
2428;
2452;
2483;
2547;
2540;
2534;
2496;
2422;
2415;
2407;
2468;
2546;
2566;
2576;
2508;
2432;
2380;
2377;
2452;
2532;
2598;
2594;
2518;
2435;
2363;
2364;
2427;
2520;
2607;
2614;
2552;
2450;
2360;
2354;
2404;
2499;
2591;
2619;
2582;
2480;
2384;
2351;
2367;
2471;
2579;
2619;
2612;
2504;
2398;
2336;
2348;
2457;
2566;
2638;
2623;
2528;
2408;
2318;
2348;
2439;
2568;
2654;
2628;
2536;
2392;
2324;
2338;
2439;
2587;
2642;
2623;
2520;
2392;
2334;
2352;
2455;
2575;
2623;
2604;
2496;
2402;
2346;
2382;
2476;
2564;
2608;
2566;
2486;
2402;
2378;
2422;
2484;
2572;
2586;
2532;
2468;
2400;
2395;
2446;
2516;
2574;
2566;
2504;
2448;
2394;
2410;
2479;
2539;
2584;
2558;
2474;
2410;
2367;
2423;
2499;
2570;
2615;
2554;
2454;
2386;
2350;
2420;
2518;
2594;
2623;
2548;
2448;
2367;
2347;
2434;
2526;
2602;
2612;
2536;
2440;
2367;
2367;
2446;
2536;
2586;
2592;
2504;
2428;
2391;
2393;
2464;
2530;
2567;
2559;
2490;
2435;
2412;
2422;
2471;
2535;
2548;
2538;
2488;
2439;
2426;
2433;
2475;
2523;
2547;
2531;
2498;
2452;
2440;
2440;
2474;
2512;
2522;
2531;
2502;
2475;
2454;
2438;
2454;
2488;
2510;
2535;
2522;
2494;
2467;
2432;
2434;
2460;
2488;
2542;
2544;
2530;
2486;
2424;
2404;
2424;
2460;
2540;
2571;
2570;
2522;
2424;
2386;
2380;
2438;
2534;
2583;
2608;
2532;
2448;
2384;
2357;
2422;
2512;
2584;
2613;
2566;
2472;
2384;
2346;
2386;
2486;
2581;
2630;
2592;
2488;
2384;
2338;
2347;
2474;
2576;
2638;
2628;
2504;
2402;
2324;
2336;
2443;
2540;
2635;
2642;
2552;
2435;
2340;
2320;
2390;
2494;
2622;
2654;
2603;
2500;
2352;
2298;
2331;
2451;
2599;
2672;
2652;
2524;
2393;
2291;
2303;
2412;
2547;
2664;
2652;
2559;
2424;
2310;
2316;
2403;
2523;
2631;
2631;
2570;
2448;
2348;
2359;
2403;
2516;
2600;
2602;
2551;
2438;
2378;
2374;
2426;
2524;
2587;
2590;
2530;
2432;
2372;
2374;
2436;
2535;
2606;
2592;
2528;
2424;
2348;
2367;
2431;
2547;
2619;
2603;
2538;
2418;
2339;
2356;
2423;
2550;
2623;
2623;
2552;
2416;
2340;
2338;
2407;
2543;
2623;
2631;
2559;
2424;
2336;
2331;
2411;
2532;
2614;
2623;
2550;
2440;
2356;
2352;
2411;
2511;
2588;
2599;
2558;
2464;
2400;
2390;
2415;
2481;
2539;
2556;
2543;
2497;
2450;
2428;
2416;
2442;
2487;
2524;
2543;
2528;
2502;
2451;
2420;
2414;
2434;
2506;
2542;
2565;
2547;
2470;
2420;
2379;
2407;
2476;
2551;
2592;
2556;
2491;
2418;
2360;
2405;
2468;
2551;
2586;
2559;
2492;
2426;
2388;
2406;
2466;
2530;
2551;
2542;
2488;
2452;
2442;
2444;
2479;
2495;
2510;
2514;
2483;
2484;
2470;
2463;
2486;
2466;
2483;
2482;
2476;
2499;
2494;
2504;
2499;
2468;
2452;
2442;
2460;
2495;
2523;
2534;
2510;
2480;
2436;
2420;
2443;
2487;
2538;
2544;
2519;
2472;
2419;
2427;
2456;
2499;
2543;
2526;
2504;
2462;
2437;
2452;
2470;
2511;
2523;
2505;
2486;
2451;
2452;
2476;
2494;
2523;
2506;
2490;
2456;
2438;
2463;
2491;
2539;
2528;
2499;
2465;
2428;
2431;
2460;
2515;
2558;
2536;
2494;
2435;
2398;
2424;
2472;
2544;
2574;
2556;
2484;
2404;
2388;
2411;
2487;
2558;
2566;
2559;
2474;
2420;
2394;
2415;
2482;
2530;
2566;
2558;
2496;
2448;
2400;
2407;
2450;
2498;
2567;
2564;
2535;
2478;
2416;
2400;
2411;
2471;
2549;
2559;
2559;
2499;
2434;
2395;
2388;
2439;
2519;
2572;
2590;
2542;
2466;
2403;
2375;
2406;
2475;
2559;
2600;
2582;
2506;
2396;
2346;
2366;
2470;
2567;
2636;
2603;
2504;
2396;
2334;
2383;
2471;
2583;
2634;
2580;
2482;
2376;
2336;
2391;
2499;
2594;
2621;
2556;
2468;
2376;
2351;
2407;
2502;
2594;
2604;
2554;
2452;
2367;
2366;
2412;
2514;
2591;
2607;
2548;
2444;
2378;
2367;
2411;
2516;
2583;
2596;
2548;
2464;
2392;
2367;
2414;
2503;
2559;
2586;
2558;
2480;
2412;
2394;
2406;
2467;
2544;
2564;
2566;
2504;
2443;
2420;
2395;
2463;
2500;
2543;
2559;
2530;
2498;
2434;
2408;
2427;
2456;
2522;
2554;
2536;
2518;
2448;
2424;
2418;
2444;
2518;
2542;
2547;
2508;
2466;
2435;
2439;
2470;
2512;
2526;
2515;
2486;
2458;
2462;
2474;
2491;
2496;
2492;
2486;
2472;
2476;
2482;
2498;
2494;
2486;
2478;
2456;
2478;
2480;
2503;
2513;
2504;
2486;
2460;
2454;
2462;
2486;
2514;
2522;
2504;
2483;
2458;
2451;
2459;
2490;
2531;
2530;
2518;
2475;
2444;
2438;
2456;
2502;
2531;
2544;
2510;
2468;
2442;
2426;
2455;
2492;
2514;
2539;
2512;
2492;
2478;
2446;
2455;
2466;
2479;
2507;
2514;
2519;
2512;
2476;
2454;
2435;
2434;
2477;
2518;
2543;
2550;
2514;
2460;
2422;
2400;
2434;
2480;
2542;
2574;
2558;
2514;
2433;
2386;
2381;
2430;
2519;
2587;
2608;
2554;
2458;
2366;
2343;
2394;
2486;
2587;
2642;
2598;
2492;
2380;
2314;
2350;
2461;
2590;
2659;
2623;
2528;
2376;
2310;
2330;
2443;
2587;
2664;
2652;
2524;
2376;
2300;
2316;
2439;
2598;
2662;
2640;
2504;
2360;
2315;
2340;
2468;
2595;
2644;
2616;
2484;
2376;
2328;
2367;
2485;
2586;
2630;
2596;
2484;
2384;
2342;
2374;
2487;
2571;
2620;
2590;
2496;
2396;
2350;
2366;
2455;
2566;
2623;
2604;
2506;
2400;
2349;
2355;
2459;
2568;
2622;
2596;
2498;
2402;
2367;
2375;
2471;
2551;
2572;
2570;
2480;
2435;
2418;
2424;
2494;
2520;
2527;
2502;
2462;
2468;
2474;
2486;
2508;
2487;
2478;
2462;
2459;
2484;
2502;
2519;
2516;
2486;
2464;
2438;
2452;
2472;
2515;
2524;
2530;
2498;
2456;
2440;
2442;
2471;
2506;
2512;
2530;
2500;
2474;
2462;
2438;
2466;
2482;
2500;
2519;
2492;
2487;
2475;
2457;
2482;
2484;
2483;
2484;
2474;
2486;
2496;
2492;
2500;
2488;
2470;
2456;
2454;
2474;
2500;
2528;
2524;
2504;
2456;
2426;
2423;
2460;
2506;
2554;
2547;
2508;
2443;
2406;
2414;
2462;
2523;
2552;
2538;
2492;
2436;
2412;
2430;
2486;
2538;
2554;
2506;
2460;
2428;
2420;
2478;
2524;
2548;
2536;
2464;
2426;
2407;
2436;
2515;
2555;
2559;
2514;
2424;
2395;
2394;
2455;
2542;
2575;
2566;
2504;
2426;
2382;
2411;
2477;
2543;
2559;
2528;
2480;
2418;
2410;
2450;
2499;
2547;
2532;
2496;
2460;
2432;
2448;
2480;
2514;
2523;
2492;
2474;
2456;
2462;
2498;
2503;
2516;
2484;
2464;
2452;
2458;
2499;
2526;
2528;
2508;
2459;
2424;
2402;
2444;
2515;
2566;
2580;
2514;
2442;
2384;
2382;
2444;
2535;
2590;
2596;
2506;
2421;
2362;
2377;
2465;
2547;
2602;
2566;
2488;
2396;
2360;
2423;
2502;
2596;
2587;
2532;
2427;
2361;
2374;
2461;
2564;
2608;
2587;
2480;
2400;
2332;
2389;
2494;
2606;
2658;
2576;
2474;
2314;
2316;
2367;
2523;
2659;
2670;
2608;
2434;
2303;
2260;
2353;
2530;
2675;
2706;
2632;
2432;
2276;
2250;
2323;
2539;
2662;
2732;
2640;
2434;
2314;
2212;
2328;
2490;
2652;
2735;
2668;
2496;
2326;
2235;
2287;
2447;
2610;
2728;
2682;
2550;
2366;
2260;
2280;
2395;
2574;
2671;
2687;
2574;
2432;
2324;
2294;
2380;
2491;
2615;
2655;
2598;
2502;
2392;
2334;
2356;
2431;
2527;
2615;
2614;
2564;
2470;
2386;
2342;
2382;
2464;
2556;
2631;
2598;
2539;
2424;
2332;
2358;
2399;
2535;
2608;
2631;
2584;
2452;
2364;
2330;
2380;
2499;
2588;
2623;
2590;
2476;
2404;
2356;
2387;
2479;
2543;
2595;
2559;
2496;
2436;
2396;
2426;
2455;
2516;
2542;
2540;
2509;
2476;
2442;
2436;
2452;
2468;
2510;
2522;
2536;
2508;
2464;
2438;
2422;
2443;
2508;
2534;
2545;
2528;
2464;
2442;
2416;
2430;
2495;
2515;
2552;
2535;
2476;
2458;
2418;
2448;
2488;
2504;
2542;
2516;
2488;
2464;
2432;
2468;
2478;
