-1;
-1;
-1;
-1;
-1;
-1;
-1;
-1;
-1;
-1;
-1;
-1;
-1;
-1;
-1;
-1;
-1;
-1;
-1;
-1;
-1;
-1;
-1;
-1;
-1;
-1;
-1;
-1;
-1;
-1;
-1;
-1;
-1;
-1;
-1;
-1;
-1;
-1;
-1;
-1;
-1;
-1;
-1;
-1;
-1;
-1;
-1;
-1;
-1;
-1;
-1;
-1;
-1;
-1;
-1;
-1;
-1;
-1;
-1;
-1;
-1;
-1;
-1;
-1;
-1;
-1;
-1;
-1;
-1;
-1;
-1;
-1;
-1;
-1;
-1;
-1;
-1;
-1;
-1;
-1;
-1;
-1;
-1;
-1;
-1;
-1;
-1;
-1;
-1;
-1;
-1;
-1;
-1;
-1;
-1;
-1;
-1;
-1;
-1;
-1;
-1;
-1;
-1;
-1;
-1;
-1;
-1;
-1;
-1;
-1;
-1;
-1;
-1;
-1;
-1;
-1;
-1;
-1;
-1;
-1;
-1;
-1;
-1;
-1;
-1;
-1;
-1;
-1;
-1;
-1;
-1;
-1;
-1;
-1;
-1;
-1;
-1;
-1;
-1;
-1;
-1;
-1;
-1;
-1;
-1;
-1;
-1;
-1;
-1;
-1;
-1;
-1;
-1;
-1;
-1;
-1;
-1;
-1;
-1;
-1;
-1;
-1;
-1;
-1;
-1;
-1;
-1;
-1;
-1;
-1;
-1;
-1;
-1;
-1;
-1;
-1;
-1;
-1;
-1;
-1;
-1;
-1;
-1;
-1;
-1;
-1;
-1;
-1;
-1;
-1;
-1;
-1;
-1;
-1;
-1;
-1;
-1;
-1;
-1;
-1;
-1;
-1;
-1;
-1;
-1;
-1;
-1;
-1;
-1;
-1;
-1;
-1;
-1;
-1;
-1;
-1;
-1;
-1;
-1;
-1;
-1;
-1;
-1;
-1;
-1;
-1;
-1;
-1;
-1;
-1;
-1;
-1;
-1;
-1;
-1;
-1;
-1;
-1;
-1;
-1;
-1;
-1;
-1;
-1;
-1;
-1;
-1;
-1;
-1;
-1;
-1;
-1;
-1;
-1;
-1;
-1;
-1;
-1;
-1;
-1;
-1;
-1;
-1;
-1;
-1;
-1;
-1;
-1;
-1;
-1;
-1;
-1;
-1;
-1;
-1;
-1;
-1;
-1;
-1;
-1;
-1;
-1;
-1;
-1;
-1;
-1;
-1;
-1;
-1;
-1;
-1;
-1;
-1;
-1;
-1;
-1;
-1;
-1;
-1;
-1;
-1;
-1;
-1;
-1;
-1;
-1;
-1;
-1;
-1;
-1;
-1;
-1;
-1;
-1;
-1;
-1;
-1;
-1;
-1;
-1;
-1;
-1;
-1;
-1;
-1;
-1;
-1;
-1;
-1;
-1;
-1;
-1;
-1;
-1;
-1;
-1;
-1;
-1;
-1;
-1;
-1;
-1;
-1;
-1;
-1;
-1;
-1;
-1;
-1;
-1;
-1;
-1;
-1;
-1;
-1;
-1;
-1;
-1;
-1;
-1;
-1;
-1;
-1;
-1;
-1;
-1;
-1;
-1;
-1;
-1;
-1;
-1;
-1;
-1;
-1;
-1;
-1;
-1;
-1;
-1;
-1;
-1;
-1;
-1;
-1;
-1;
-1;
-1;
-1;
-1;
-1;
-1;
-1;
-1;
-1;
-1;
-1;
-1;
-1;
-1;
-1;
-1;
-1;
-1;
-1;
-1;
-1;
-1;
-1;
-1;
-1;
-1;
-1;
-1;
-1;
-1;
-1;
-1;
-1;
-1;
-1;
-1;
-1;
-1;
-1;
-1;
-1;
-1;
-1;
-1;
-1;
-1;
-1;
-1;
-1;
-1;
-1;
-1;
-1;
-1;
-1;
-1;
-1;
-1;
-1;
-1;
-1;
-1;
-1;
-1;
-1;
-1;
-1;
-1;
-1;
-1;
-1;
-1;
-1;
-1;
-1;
-1;
-1;
-1;
-1;
-1;
-1;
-1;
-1;
-1;
-1;
-1;
-1;
-1;
-1;
-1;
-1;
-1;
-1;
-1;
-1;
-1;
-1;
-1;
-1;
-1;
-1;
-1;
-1;
-1;
-1;
-1;
-1;
-1;
-1;
-1;
-1;
-1;
-1;
-1;
-1;
-1;
-1;
-1;
-1;
-1;
-1;
-1;
-1;
-1;
-1;
-1;
-1;
-1;
-1;
-1;
-1;
-1;
-1;
-1;
-1;
-1;
-1;
-1;
-1;
-1;
-1;
-1;
-1;
-1;
-1;
-1;
-1;
-1;
-1;
-1;
-1;
-1;
-1;
-1;
-1;
-1;
-1;
-1;
-1;
-1;
-1;
-1;
-1;
-1;
-1;
-1;
-1;
-1;
-1;
-1;
-1;
-1;
-1;
-1;
-1;
-1;
-1;
-1;
-1;
-1;
-1;
-1;
-1;
-1;
-1;
-1;
-1;
-1;
-1;
-1;
-1;
-1;
-1;
-1;
-1;
-1;
-1;
-1;
-1;
-1;
-1;
-1;
-1;
-1;
-1;
-1;
-1;
-1;
-1;
-1;
-1;
-1;
-1;
-1;
-1;
-1;
-1;
-1;
-1;
-1;
-1;
-1;
-1;
-1;
-1;
-1;
-1;
-1;
-1;
-1;
-1;
-1;
-1;
-1;
-1;
-1;
-1;
-1;
-1;
-1;
-1;
-1;
-1;
-1;
-1;
-1;
-1;
-1;
-1;
-1;
-1;
-1;
-1;
-1;
-1;
-1;
-1;
-1;
-1;
-1;
-1;
-1;
-1;
-1;
-1;
-1;
-1;
-1;
-1;
-1;
-1;
-1;
-1;
-1;
-1;
-1;
-1;
-1;
-1;
-1;
-1;
-1;
-1;
-1;
-1;
-1;
-1;
-1;
-1;
-1;
-1;
-1;
-1;
-1;
-1;
-1;
-1;
-1;
-1;
-1;
-1;
-1;
-1;
-1;
-1;
-1;
-1;
-1;
-1;
-1;
-1;
-1;
-1;
-1;
-1;
-1;
-1;
-1;
-1;
-1;
-1;
-1;
-1;
-1;
-1;
-1;
-1;
-1;
-1;
-1;
-1;
-1;
-1;
-1;
-1;
-1;
-1;
-1;
-1;
-1;
-1;
-1;
-1;
-1;
-1;
-1;
-1;
-1;
-1;
-1;
-1;
-1;
-1;
-1;
-1;
-1;
-1;
-1;
-1;
-1;
-1;
-1;
-1;
-1;
-1;
-1;
-1;
-1;
-1;
-1;
-1;
-1;
-1;
-1;
-1;
-1;
-1;
-1;
-1;
-1;
-1;
-1;
-1;
-1;
-1;
-1;
-1;
-1;
-1;
-1;
-1;
-1;
-1;
-1;
-1;
-1;
-1;
-1;
-1;
-1;
-1;
-1;
-1;
-1;
-1;
-1;
-1;
-1;
-1;
-1;
-1;
-1;
-1;
-1;
-1;
-1;
-1;
-1;
-1;
-1;
-1;
-1;
-1;
-1;
-1;
-1;
-1;
-1;
-1;
-1;
-1;
-1;
-1;
-1;
-1;
-1;
-1;
-1;
-1;
-1;
-1;
-1;
-1;
-1;
-1;
-1;
-1;
-1;
-1;
-1;
-1;
-1;
-1;
-1;
-1;
-1;
-1;
-1;
-1;
-1;
-1;
-1;
-1;
-1;
-1;
-1;
-1;
-1;
-1;
-1;
-1;
-1;
-1;
-1;
-1;
-1;
-1;
-1;
-1;
-1;
-1;
-1;
-1;
-1;
-1;
-1;
-1;
-1;
-1;
-1;
-1;
-1;
-1;
-1;
-1;
-1;
-1;
-1;
-1;
-1;
-1;
-1;
-1;
-1;
-1;
-1;
-1;
-1;
-1;
-1;
-1;
-1;
-1;
-1;
-1;
-1;
-1;
-1;
-1;
-1;
-1;
-1;
-1;
-1;
-1;
-1;
-1;
-1;
-1;
-1;
-1;
-1;
-1;
-1;
-1;
-1;
-1;
-1;
-1;
-1;
-1;
-1;
-1;
-1;
-1;
-1;
-1;
-1;
-1;
-1;
-1;
-1;
-1;
-1;
-1;
-1;
-1;
-1;
-1;
-1;
-1;
-1;
-1;
-1;
-1;
-1;
-1;
-1;
-1;
-1;
-1;
-1;
-1;
-1;
-1;
-1;
-1;
-1;
-1;
-1;
-1;
-1;
-1;
-1;
-1;
-1;
-1;
-1;
-1;
-1;
-1;
-1;
-1;
-1;
-1;
-1;
-1;
-1;
-1;
-1;
-1;
-1;
-1;
-1;
-1;
-1;
-1;
-1;
-1;
-1;
-1;
-1;
-1;
-1;
-1;
-1;
-1;
-1;
-1;
-1;
-1;
-1;
-1;
-1;
-1;
-1;
-1;
-1;
-1;
-1;
-1;
-1;
-1;
-1;
-1;
-1;
-1;
-1;
-1;
-1;
-1;
-1;
-1;
-1;
-1;
-1;
-1;
-1;
-1;
-1;
-1;
-1;
-1;
-1;
-1;
-1;
-1;
-1;
-1;
-1;
-1;
-1;
-1;
-1;
-1;
-1;
-1;
-1;
-1;
-1;
-1;
-1;
-1;
-1;
-1;
-1;
-1;
-1;
-1;
-1;
-1;
-1;
-1;
-1;
-1;
-1;
-1;
-1;
-1;
-1;
-1;
-1;
-1;
-1;
-1;
-1;
-1;
-1;
-1;
-1;
-1;
-1;
-1;
-1;
-1;
-1;
-1;
-1;
-1;
-1;
-1;
-1;
-1;
-1;
-1;
-1;
-1;
-1;
-1;
-1;
-1;
-1;
-1;
-1;
-1;
-1;
-1;
-1;
-1;
-1;
-1;
-1;
-1;
-1;
-1;
-1;
-1;
-1;
-1;
-1;
-1;
-1;
-1;
-1;
-1;
-1;
-1;
-1;
-1;
-1;
-1;
-1;
-1;
-1;
-1;
-1;
-1;
-1;
-1;
-1;
-1;
-1;
-1;
-1;
-1;
-1;
-1;
-1;
-1;
-1;
-1;
-1;
-1;
-1;
-1;
-1;
-1;
-1;
-1;
-1;
-1;
-1;
-1;
-1;
-1;
-1;
-1;
-1;
-1;
-1;
-1;
-1;
-1;
-1;
-1;
-1;
-1;
-1;
-1;
-1;
-1;
-1;
-1;
-1;
-1;
-1;
-1;
-1;
-1;
-1;
-1;
-1;
-1;
-1;
-1;
-1;
-1;
-1;
-1;
-1;
-1;
-1;
-1;
-1;
-1;
-1;
-1;
-1;
-1;
-1;
-1;
-1;
-1;
-1;
-1;
-1;
-1;
-1;
-1;
-1;
-1;
-1;
-1;
-1;
-1;
-1;
-1;
-1;
-1;
-1;
-1;
-1;
0;
1267;
792;
771;
1167;
1199;
1515;
1695;
1759;
1927;
1809;
1809;
1738;
1721;
1830;
1879;
1999;
2069;
2026;
2004;
1928;
1946;
1963;
2042;
2162;
2182;
2265;
2184;
2188;
2130;
2093;
2199;
2162;
2322;
2332;
2352;
2354;
2250;
2279;
2200;
2297;
2326;
2388;
2450;
2403;
2412;
2303;
2310;
2329;
2333;
2427;
2432;
2476;
2462;
2420;
2423;
2324;
2367;
2384;
2404;
2502;
2487;
2545;
2446;
2393;
2382;
2324;
2457;
2464;
2559;
2532;
2448;
2460;
2340;
2435;
2448;
2496;
2552;
2471;
2526;
2412;
2414;
2454;
2438;
2531;
2472;
2515;
2476;
2424;
2483;
2416;
2489;
2495;
2491;
2542;
2452;
2492;
2404;
2422;
2494;
2474;
2574;
2498;
2504;
2450;
2392;
2475;
2438;
2554;
2540;
2510;
2508;
2395;
2463;
2432;
2484;
2545;
2496;
2531;
2448;
2475;
2472;
2434;
2524;
2462;
2511;
2496;
2484;
2516;
2454;
2519;
2452;
2459;
2489;
2448;
2535;
2480;
2526;
2512;
2454;
2498;
2424;
2471;
2458;
2495;
2548;
2500;
2540;
2454;
2434;
2434;
2408;
2503;
2518;
2580;
2558;
2475;
2454;
2358;
2406;
2456;
2535;
2610;
2546;
2534;
2409;
2378;
2407;
2428;
2543;
2544;
2576;
2520;
2443;
2443;
2386;
2456;
2475;
2535;
2571;
2523;
2526;
2420;
2402;
2402;
2431;
2523;
2528;
2582;
2528;
2460;
2442;
2382;
2437;
2464;
2531;
2577;
2542;
2535;
2422;
2414;
2419;
2440;
2530;
2526;
2582;
2518;
2459;
2448;
2392;
2461;
2466;
2538;
2559;
2504;
2522;
2432;
2447;
2432;
2446;
2526;
2494;
2559;
2512;
2468;
2466;
2402;
2444;
2459;
2512;
2552;
2514;
2542;
2444;
2420;
2403;
2416;
2513;
2520;
2586;
2540;
2483;
2456;
2380;
2439;
2456;
2539;
2575;
2532;
2528;
2412;
2416;
2418;
2460;
2536;
2520;
2567;
2508;
2456;
2446;
2402;
2455;
2471;
2527;
2557;
2518;
2530;
2436;
2425;
2414;
2420;
2512;
2527;
2586;
2536;
2468;
2426;
2367;
2435;
2466;
2551;
2567;
2536;
2524;
2420;
2408;
2400;
2446;
2536;
2528;
2583;
2522;
2464;
2444;
2396;
2448;
2464;
2543;
2551;
2524;
2512;
2428;
2430;
2427;
2458;
2519;
2510;
2550;
2496;
2472;
2454;
2427;
2484;
2468;
2519;
2526;
2510;
2528;
2446;
2463;
2440;
2458;
2495;
2492;
2547;
2507;
2495;
2460;
2424;
2460;
2451;
2518;
2528;
2504;
2516;
2454;
2464;
2451;
2473;
2503;
2486;
2516;
2488;
2494;
2490;
2472;
2480;
2458;
2480;
2476;
2484;
2524;
2498;
2510;
2458;
2446;
2458;
2444;
2518;
2506;
2518;
2512;
2458;
2478;
2432;
2482;
2486;
2494;
2528;
2492;
2492;
2473;
2462;
2466;
2442;
2498;
2480;
2514;
2524;
2488;
2494;
2436;
2452;
2450;
2482;
2539;
2528;
2528;
2470;
2448;
2436;
2434;
2510;
2508;
2537;
2522;
2464;
2460;
2432;
2482;
2488;
2498;
2514;
2478;
2492;
2460;
2471;
2491;
2480;
2510;
2468;
2479;
2481;
2490;
2506;
2483;
2512;
2476;
2476;
2476;
2460;
2492;
2480;
2498;
2502;
2482;
2499;
2456;
2478;
2476;
2476;
2514;
2486;
2516;
2485;
2466;
2462;
2456;
2495;
2491;
2519;
2512;
2474;
2482;
2448;
2471;
2494;
2507;
2522;
2480;
2475;
2448;
2463;
2491;
2503;
2530;
2494;
2489;
2458;
2444;
2476;
2475;
2523;
2514;
2503;
2491;
2436;
2465;
2460;
2491;
2523;
2500;
2508;
2465;
2456;
2454;
2459;
2514;
2508;
2522;
2492;
2472;
2467;
2440;
2480;
2499;
2506;
2508;
2484;
2485;
2451;
2472;
2467;
2480;
2508;
2490;
2500;
2476;
2474;
2481;
2474;
2503;
2490;
2500;
2494;
2470;
2474;
2464;
2484;
2492;
2496;
2506;
2476;
2486;
2466;
2464;
2492;
2491;
2514;
2493;
2497;
2467;
2459;
2470;
2470;
2503;
2501;
2502;
2500;
2456;
2464;
2452;
2490;
2494;
2496;
2515;
2476;
2468;
2459;
2464;
2492;
2490;
2523;
2503;
2484;
2474;
2446;
2467;
2479;
2512;
2511;
2500;
2490;
2450;
2462;
2464;
2487;
2512;
2510;
2512;
2466;
2458;
2456;
2451;
2492;
2502;
2522;
2520;
2492;
2474;
2439;
2443;
2459;
2490;
2542;
2534;
2528;
2476;
2427;
2410;
2420;
2491;
2539;
2572;
2555;
2482;
2435;
2382;
2407;
2466;
2538;
2574;
2554;
2518;
2443;
2413;
2415;
2444;
2510;
2536;
2555;
2515;
2472;
2449;
2416;
2440;
2476;
2506;
2536;
2516;
2511;
2470;
2448;
2438;
2439;
2483;
2510;
2539;
2528;
2496;
2478;
2428;
2427;
2442;
2496;
2531;
2528;
2528;
2482;
2456;
2441;
2445;
2484;
2498;
2516;
2504;
2492;
2482;
2463;
2474;
2470;
2471;
2479;
2467;
2507;
2520;
2503;
2528;
2454;
2454;
2402;
2458;
2488;
2538;
2546;
2554;
2508;
2426;
2423;
2326;
2435;
2459;
2609;
2687;
2632;
2540;
2324;
2174;
2236;
2383;
2623;
2895;
2796;
2712;
2264;
2024;
2067;
2199;
2687;
2927;
3024;
2784;
2328;
2008;
1902;
2141;
2551;
2943;
3055;
2888;
2440;
2080;
1900;
2055;
2427;
2799;
3070;
2912;
2648;
2192;
1968;
1987;
2267;
2715;
2931;
3026;
2724;
2362;
2032;
1950;
2207;
2537;
2903;
2992;
2784;
2432;
2080;
2040;
2219;
2567;
2815;
2832;
2644;
2354;
2235;
2229;
2482;
2648;
2718;
2578;
2367;
2185;
2271;
2494;
2712;
2895;
2640;
2464;
2088;
2026;
2255;
2519;
2934;
2992;
2820;
2440;
2040;
1861;
2091;
2431;
2914;
3150;
2960;
2684;
2040;
1851;
1855;
2239;
2805;
3092;
3251;
2816;
2296;
1800;
1713;
2071;
2555;
3123;
3280;
3040;
2432;
1904;
1684;
1911;
2414;
2975;
3255;
3096;
2640;
2048;
1830;
1855;
2299;
2751;
3044;
3100;
2688;
2360;
1984;
1987;
2211;
2511;
2863;
2899;
2804;
2488;
2240;
2111;
2175;
2407;
2620;
2783;
2752;
2598;
2386;
2258;
2226;
2367;
2521;
2659;
2703;
2566;
2483;
2307;
2335;
2413;
2511;
2623;
2574;
2538;
2420;
2377;
2396;
2479;
2554;
2576;
2548;
2448;
2402;
2360;
2448;
2519;
2592;
2618;
2554;
2450;
2328;
2331;
2360;
2519;
2647;
2703;
2665;
2458;
2320;
2208;
2266;
2452;
2652;
2788;
2758;
2559;
2336;
2168;
2163;
2355;
2572;
2787;
2808;
2672;
2436;
2200;
2172;
2238;
2479;
2686;
2774;
2746;
2544;
2360;
2208;
2227;
2366;
2526;
2706;
2734;
2658;
2488;
2296;
2246;
2276;
2444;
2637;
2687;
2698;
2536;
2380;
2292;
2288;
2435;
2540;
2634;
2623;
2544;
2474;
2384;
2390;
2390;
2455;
2522;
2535;
2587;
2551;
2504;
2428;
2367;
2391;
2425;
2511;
2580;
2582;
2568;
2480;
2419;
2376;
2412;
2476;
2524;
2548;
2528;
2493;
2473;
2480;
2488;
2480;
2456;
2470;
2444;
2483;
2520;
2555;
2544;
2504;
2443;
2392;
2394;
2408;
2510;
2559;
2586;
2592;
2496;
2434;
2352;
2364;
2399;
2482;
2599;
2652;
2644;
2546;
2402;
2267;
2250;
2326;
2527;
2698;
2790;
2737;
2516;
2280;
2128;
2148;
2342;
2639;
2860;
2906;
2720;
2408;
2122;
1970;
2123;
2429;
2783;
3043;
2996;
2706;
2224;
1880;
1812;
2123;
2622;
3095;
3315;
3012;
2464;
1856;
1552;
1815;
2359;
3055;
3428;
3296;
2752;
1992;
1536;
1585;
2087;
2790;
3364;
3470;
3072;
2328;
1720;
1458;
1765;
2399;
3103;
3515;
3348;
2768;
1984;
1488;
1527;
2038;
2786;
3366;
3548;
3048;
2272;
1616;
1403;
1827;
2531;
3266;
3554;
3210;
2480;
1760;
1451;
1775;
2395;
3063;
3414;
3184;
2616;
1992;
1688;
1847;
2283;
2798;
3132;
3090;
2744;
2298;
1952;
1915;
2159;
2547;
2927;
3030;
2886;
2480;
2096;
1941;
2059;
2422;
2799;
3055;
2946;
2592;
2168;
1928;
2010;
2323;
2734;
3002;
2984;
2688;
2288;
2000;
1978;
2231;
2582;
2876;
2982;
2816;
2480;
2184;
2020;
2102;
2363;
2676;
2898;
2878;
2700;
2388;
2132;
2068;
2196;
2487;
2723;
2890;
2818;
2592;
2312;
2114;
2120;
2281;
2548;
2794;
2859;
2738;
2480;
2216;
2111;
2194;
2423;
2671;
2830;
2804;
2594;
2360;
2188;
2175;
2298;
2519;
2727;
2758;
2707;
2530;
2328;
2226;
2220;
2385;
2554;
2684;
2737;
2636;
2492;
2332;
2252;
2290;
2403;
2555;
2663;
2695;
2634;
2480;
2352;
2286;
2310;
2407;
2538;
2638;
2666;
2622;
2518;
2374;
2290;
2286;
2399;
2514;
2643;
2707;
2650;
2514;
2358;
2264;
2260;
2387;
2567;
2708;
2743;
2623;
2435;
2272;
2215;
2303;
2479;
2668;
2743;
2706;
2524;
2324;
2250;
2268;
2407;
2589;
2712;
2722;
2592;
2416;
2266;
2235;
2350;
2511;
2671;
2727;
2668;
2480;
2288;
2227;
2284;
2460;
2623;
2728;
2698;
2522;
2354;
2230;
2276;
2428;
2583;
2709;
2682;
2556;
2386;
2264;
2292;
2395;
2551;
2668;
2687;
2592;
2432;
2314;
2272;
2342;
2500;
2639;
2711;
2646;
2506;
2352;
2252;
2291;
2414;
2587;
2711;
2715;
2604;
2408;
2286;
2242;
2319;
2500;
2660;
2754;
2687;
2524;
2338;
2208;
2234;
2375;
2582;
2735;
2772;
2652;
2448;
2250;
2173;
2259;
2467;
2679;
2804;
2740;
2559;
2324;
2175;
2210;
2359;
2575;
2727;
2756;
2652;
2450;
2312;
2243;
2295;
2415;
2559;
2679;
2698;
2642;
2488;
2330;
2246;
2262;
2395;
2579;
2715;
2755;
2634;
2434;
2264;
2195;
2300;
2467;
2667;
2750;
2704;
2532;
2336;
2251;
2267;
2404;
2551;
2679;
2687;
2582;
2460;
2325;
2303;
2351;
2460;
2603;
2643;
2623;
2524;
2416;
2344;
2336;
2415;
2505;
2599;
2623;
2559;
2470;
2376;
2358;
2414;
2495;
2572;
2576;
2538;
2440;
2400;
2435;
2474;
2569;
2555;
2500;
2448;
2376;
2433;
2495;
2590;
2614;
2532;
2444;
2332;
2346;
2424;
2533;
2638;
2642;
2554;
2444;
2330;
2320;
2389;
2503;
2638;
2652;
2600;
2464;
2344;
2312;
2354;
2472;
2590;
2655;
2610;
2536;
2411;
2328;
2338;
2399;
2527;
2623;
2666;
2596;
2458;
2348;
2296;
2355;
2486;
2623;
2674;
2630;
2492;
2352;
2276;
2322;
2474;
2591;
2678;
2636;
2520;
2384;
2300;
2343;
2444;
2543;
2623;
2616;
2548;
2456;
2360;
2363;
2395;
2479;
2572;
2587;
2604;
2504;
2426;
2380;
2367;
2447;
2498;
2588;
2608;
2546;
2489;
2392;
2363;
2386;
2451;
2559;
2610;
2598;
2520;
2416;
2366;
2367;
2439;
2542;
2584;
2603;
2534;
2466;
2406;
2380;
2420;
2471;
2553;
2559;
2539;
2512;
2454;
2436;
2428;
2450;
2476;
2506;
2539;
2535;
2520;
2471;
2432;
2425;
2432;
2470;
2524;
2540;
2534;
2516;
2466;
2438;
2420;
2423;
2480;
2516;
2542;
2528;
2496;
2456;
2439;
2443;
2458;
2473;
2496;
2506;
2519;
2524;
2512;
2502;
2451;
2406;
2400;
2420;
2510;
2591;
2640;
2598;
2468;
2331;
2284;
2348;
2504;
2647;
2702;
2634;
2474;
2328;
2258;
2319;
2476;
2623;
2706;
2650;
2498;
2352;
2270;
2318;
2450;
2576;
2676;
2643;
2544;
2432;
2330;
2314;
2367;
2495;
2634;
2666;
2646;
2512;
2364;
2276;
2271;
2407;
2567;
2708;
2736;
2610;
2424;
2242;
2219;
2339;
2531;
2703;
2751;
2658;
2464;
2290;
2227;
2292;
2467;
2644;
2722;
2694;
2544;
2364;
2256;
2245;
2386;
2551;
2710;
2734;
2628;
2450;
2282;
2212;
2289;
2461;
2651;
2754;
2717;
2572;
2354;
2206;
2207;
2340;
2559;
2727;
2788;
2684;
2464;
2248;
2163;
2250;
2457;
2669;
2786;
2734;
2536;
2336;
2202;
2248;
2399;
2586;
2723;
2716;
2600;
2410;
2278;
2268;
2379;
2526;
2643;
2656;
2578;
2442;
2352;
2344;
2425;
2522;
2587;
2590;
2514;
2442;
2400;
2422;
2483;
2535;
2554;
2523;
2456;
2408;
2416;
2484;
2555;
2578;
2546;
2472;
2388;
2350;
2412;
2504;
2590;
2618;
2570;
2483;
2367;
2336;
2367;
2470;
2583;
2638;
2616;
2520;
2395;
2320;
2332;
2426;
2540;
2638;
2656;
2559;
2434;
2320;
2319;
2395;
2522;
2647;
2651;
2586;
2448;
2338;
2320;
2383;
2519;
2623;
2648;
2584;
2456;
2346;
2327;
2392;
2510;
2603;
2623;
2570;
2456;
2374;
2348;
2402;
2495;
2578;
2598;
2555;
2472;
2404;
2388;
2419;
2484;
2535;
2559;
2542;
2484;
2442;
2415;
2426;
2477;
2518;
2550;
2532;
2494;
2456;
2436;
2439;
2479;
2506;
2523;
2520;
2490;
2470;
2446;
2448;
2467;
2496;
2519;
2522;
2527;
2480;
2448;
2426;
2421;
2466;
2521;
2566;
2559;
2506;
2440;
2387;
2388;
2463;
2532;
2579;
2588;
2510;
2442;
2390;
2387;
2455;
2516;
2583;
2580;
2524;
2453;
2391;
2395;
2440;
2503;
2555;
2564;
2542;
2478;
2424;
2394;
2420;
2478;
2535;
2566;
2550;
2500;
2452;
2416;
2420;
2451;
2504;
2538;
2536;
2530;
2488;
2440;
2434;
2426;
2463;
2508;
2538;
2540;
2512;
2458;
2442;
2432;
2456;
2495;
2507;
2530;
2506;
2483;
2467;
2440;
2463;
2490;
2498;
2512;
2492;
2486;
2484;
2464;
2480;
2487;
2490;
2496;
2480;
2486;
2474;
2481;
2486;
2498;
2496;
2494;
2478;
2460;
2468;
2474;
2497;
2493;
2504;
2505;
2490;
2476;
2464;
2463;
2460;
2480;
2504;
2524;
2518;
2490;
2464;
2438;
2444;
2476;
2512;
2523;
2522;
2500;
2479;
2462;
2432;
2464;
2486;
2516;
2526;
2511;
2488;
2456;
2436;
2456;
2470;
2503;
2528;
2520;
2504;
2476;
2446;
2444;
2443;
2479;
2516;
2522;
2512;
2487;
2462;
2458;
2448;
2466;
2484;
2515;
2528;
2516;
2504;
2472;
2436;
2434;
2454;
2502;
2524;
2530;
2522;
2498;
2466;
2435;
2436;
2454;
2492;
2526;
2543;
2530;
2488;
2434;
2420;
2424;
2462;
2512;
2543;
2547;
2515;
2468;
2424;
2406;
2427;
2476;
2535;
2558;
2546;
2507;
2438;
2405;
2404;
2448;
2518;
2566;
2580;
2536;
2458;
2402;
2380;
2427;
2491;
2570;
2592;
2556;
2476;
2410;
2379;
2402;
2475;
2543;
2592;
2582;
2508;
2432;
2382;
2388;
2448;
2528;
2579;
2572;
2528;
2456;
2406;
2396;
2419;
2487;
2548;
2558;
2542;
2486;
2438;
2412;
2418;
2471;
2516;
2540;
2536;
2491;
2466;
2448;
2440;
2473;
2499;
2518;
2514;
2490;
2474;
2464;
2476;
2490;
2485;
2488;
2471;
2475;
2491;
2496;
2502;
2502;
2480;
2466;
2453;
2455;
2478;
2506;
2526;
2522;
2492;
2458;
2435;
2432;
2471;
2507;
2527;
2530;
2508;
2472;
2442;
2426;
2448;
2491;
2520;
2540;
2525;
2496;
2464;
2429;
2420;
2432;
2490;
2528;
2559;
2572;
2504;
2432;
2382;
2374;
2448;
2527;
2607;
2598;
2518;
2436;
2364;
2367;
2438;
2523;
2592;
2584;
2528;
2440;
2376;
2395;
2452;
2516;
2567;
2547;
2502;
2448;
2422;
2428;
2458;
2503;
2539;
2524;
2499;
2465;
2444;
2450;
2456;
2503;
2528;
2530;
2518;
2482;
2452;
2418;
2419;
2472;
2538;
2588;
2572;
2491;
2404;
2344;
2391;
2483;
2583;
2635;
2576;
2474;
2360;
2328;
2395;
2506;
2608;
2642;
2566;
2448;
2360;
2355;
2410;
2514;
2586;
2602;
2538;
2460;
2403;
2394;
2420;
2489;
2546;
2551;
2550;
2491;
2451;
2426;
2428;
2451;
2479;
2512;
2538;
2546;
2534;
2480;
2427;
2400;
2419;
2471;
2526;
2558;
2559;
2502;
2468;
2426;
2410;
2443;
2460;
2516;
2532;
2538;
2528;
2496;
2459;
2406;
2396;
2415;
2488;
2559;
2606;
2578;
2488;
2385;
2331;
2366;
2475;
2588;
2640;
2620;
2504;
2388;
2311;
2342;
2451;
2578;
2664;
2634;
2520;
2394;
2311;
2336;
2439;
2571;
2648;
2632;
2532;
2416;
2316;
2333;
2427;
2555;
2642;
2635;
2544;
2410;
2328;
2331;
2417;
2539;
2634;
2648;
2568;
2432;
2320;
2303;
2386;
2534;
2641;
2656;
2572;
2438;
2332;
2303;
2375;
2506;
2622;
2668;
2598;
2472;
2346;
2295;
2354;
2475;
2599;
2678;
2630;
2512;
2380;
2294;
2310;
2428;
2559;
2669;
2674;
2584;
2440;
2303;
2270;
2355;
2487;
2644;
2718;
2668;
2512;
2336;
2248;
2270;
2420;
2602;
2711;
2710;
2576;
2406;
2276;
2262;
2367;
2527;
2645;
2687;
2614;
2480;
2360;
2298;
2330;
2442;
2559;
2646;
2632;
2566;
2452;
2346;
2322;
2367;
2491;
2591;
2643;
2619;
2506;
2392;
2328;
2352;
2441;
2539;
2614;
2619;
2556;
2450;
2386;
2367;
2404;
2486;
2558;
2576;
2559;
2503;
2442;
2425;
2412;
2449;
2502;
2522;
2540;
2522;
2494;
2462;
2440;
2455;
2458;
2483;
2504;
2514;
2509;
2487;
2472;
2461;
2480;
2476;
2484;
2476;
2464;
2483;
2503;
2508;
2516;
2492;
2454;
2427;
2416;
2463;
2515;
2551;
2559;
2519;
2444;
2400;
2393;
2438;
2500;
2559;
2570;
2546;
2474;
2432;
2406;
2419;
2467;
2515;
2553;
2559;
2532;
2480;
2432;
2400;
2401;
2450;
2522;
2566;
2579;
2536;
2464;
2408;
2392;
2414;
2483;
2528;
2570;
2552;
2492;
2448;
2408;
2406;
2438;
2503;
2540;
2548;
2523;
2474;
2436;
2424;
2436;
2476;
2523;
2528;
2523;
2504;
2472;
2455;
2438;
2460;
2491;
2522;
2532;
2510;
2492;
2461;
2449;
2451;
2470;
2503;
2523;
2513;
2496;
2458;
2444;
2463;
2476;
2506;
2508;
2499;
2479;
2464;
2462;
2474;
2490;
2502;
2510;
2496;
2478;
2464;
2465;
2467;
2491;
2496;
2494;
2480;
2496;
2483;
2486;
2482;
2462;
2471;
2463;
2487;
2507;
2522;
2504;
2484;
2460;
2444;
2455;
2488;
2508;
2514;
2510;
2480;
2471;
2468;
2460;
2478;
2482;
2493;
2502;
2508;
2508;
2490;
2466;
2448;
2450;
2480;
2506;
2526;
2522;
2491;
2462;
2446;
2444;
2480;
2503;
2527;
2516;
2491;
2459;
2446;
2471;
2482;
2494;
2512;
2500;
2484;
2476;
2470;
2470;
2475;
2490;
2498;
2491;
2474;
2468;
2484;
2492;
2498;
2491;
2480;
2466;
2462;
2483;
2486;
2498;
2510;
2494;
2484;
2487;
2462;
2479;
2475;
2492;
2491;
2498;
2500;
2492;
2492;
2480;
2458;
2466;
2468;
2494;
2518;
2512;
2498;
2466;
2440;
2447;
2463;
2496;
2515;
2540;
2515;
2468;
2436;
2424;
2437;
2488;
2535;
2546;
2538;
2480;
2444;
2412;
2422;
2457;
2525;
2556;
2550;
2512;
2452;
2416;
2409;
2442;
2510;
2559;
2559;
2516;
2456;
2426;
2408;
2437;
2500;
2542;
2555;
2525;
2472;
2427;
2410;
2424;
2475;
2528;
2547;
2526;
2502;
2451;
2420;
2420;
2457;
2524;
2550;
2546;
2502;
2456;
2412;
2423;
2459;
2508;
2538;
2542;
2496;
2448;
2430;
2419;
2468;
2518;
2534;
2522;
2488;
2450;
2448;
2464;
2483;
2502;
2519;
2512;
2484;
2470;
2459;
2451;
2473;
2494;
2511;
2520;
2502;
2478;
2448;
2448;
2457;
2489;
2512;
2529;
2522;
2492;
2462;
2439;
2448;
2466;
2492;
2516;
2522;
2514;
2488;
2459;
2444;
2446;
2454;
2496;
2527;
2538;
2519;
2476;
2444;
2427;
2439;
2470;
2514;
2546;
2539;
2500;
2464;
2422;
2422;
2447;
2507;
2556;
2550;
2520;
2471;
2437;
2408;
2426;
2483;
2541;
2559;
2546;
2496;
2443;
2418;
2417;
2456;
2515;
2540;
2536;
2520;
2472;
2444;
2432;
2440;
2478;
2519;
2525;
2528;
2508;
2456;
2444;
2436;
2450;
2487;
2518;
2537;
2526;
2492;
2450;
2428;
2434;
2475;
2510;
2542;
2535;
2500;
2460;
2438;
2432;
2464;
2498;
2521;
2542;
2512;
2480;
2452;
2440;
2448;
2474;
2510;
2526;
2530;
2507;
2470;
2440;
2440;
2455;
2515;
2530;
2528;
2504;
2464;
2436;
2442;
2459;
2508;
2530;
2516;
2496;
2461;
2443;
2442;
2470;
2499;
2522;
2512;
2487;
2458;
2448;
2467;
2482;
2506;
2520;
2502;
2484;
2460;
2450;
2474;
2490;
2506;
2500;
2492;
2487;
2474;
2478;
2487;
2476;
2478;
2473;
2488;
2520;
2508;
2514;
2480;
2444;
2448;
2452;
2499;
2533;
2550;
2535;
2476;
2436;
2416;
2422;
2483;
2535;
2571;
2550;
2494;
2438;
2402;
2404;
2451;
2521;
2559;
2559;
2528;
2467;
2388;
2382;
2405;
2480;
2567;
2619;
2594;
2520;
2404;
2326;
2335;
2414;
2567;
2636;
2679;
2572;
2432;
2322;
2278;
2385;
2511;
2634;
2687;
2622;
2464;
2354;
2276;
2348;
2469;
2586;
2670;
2606;
2538;
2400;
2343;
2344;
2417;
2507;
2590;
2622;
2566;
2498;
2396;
2364;
2378;
2428;
2531;
2595;
2592;
2556;
2470;
2376;
2367;
2395;
2479;
2555;
2582;
2576;
2488;
2467;
2416;
2412;
2451;
2471;
2500;
2524;
2532;
2551;
2523;
2475;
2438;
2400;
2384;
2448;
2518;
2590;
2606;
2539;
2486;
2378;
2364;
2391;
2444;
2547;
2596;
2603;
2566;
2477;
2392;
2374;
2354;
2443;
2538;
2596;
2638;
2568;
2500;
2374;
2320;
2338;
2435;
2568;
2652;
2652;
2565;
2464;
2320;
2310;
2343;
2470;
2607;
2679;
2664;
2544;
2396;
2272;
2278;
2347;
2526;
2674;
2716;
2660;
2480;
2346;
2212;
2271;
2418;
2602;
2724;
2720;
2600;
2420;
2274;
2219;
2332;
2467;
2655;
2735;
2706;
2568;
2356;
2232;
2218;
2359;
2553;
2722;
2762;
2687;
2440;
2264;
2206;
2246;
2463;
2650;
2762;
2722;
2559;
2366;
2242;
2233;
2355;
2546;
2668;
2742;
2652;
2482;
2336;
2224;
2295;
2407;
2599;
2700;
2708;
2600;
2420;
2296;
2219;
2367;
2490;
2650;
2730;
2656;
2496;
2320;
2256;
2311;
2458;
2592;
2700;
2652;
2524;
2410;
2310;
2355;
2379;
2515;
2599;
2600;
2602;
2482;
2452;
2364;
2367;
2426;
2492;
2601;
2587;
2576;
2496;
2398;
2338;
2407;
2465;
2567;
2580;
2547;
2500;
2411;
2435;
2426;
2486;
2494;
2524;
2492;
2470;
2499;
2474;
2511;
2490;
2499;
2439;
2434;
2471;
2487;
2559;
2537;
2546;
2456;
2420;
2417;
2403;
2502;
2512;
2559;
2546;
2492;
2474;
2420;
2422;
2426;
2470;
2512;
2548;
2572;
2522;
2473;
2388;
2374;
2419;
2483;
2606;
2583;
2552;
2458;
2356;
2406;
2398;
2516;
2559;
2559;
2537;
2440;
2456;
2416;
2467;
2491;
2488;
2524;
2478;
2528;
2510;
2496;
2478;
2428;
2420;
2429;
2495;
2534;
2572;
2558;
2490;
2428;
2378;
2376;
2438;
2539;
2587;
2618;
2544;
2464;
2364;
2347;
2402;
2478;
2588;
2618;
2610;
2492;
2388;
2334;
2342;
2454;
2571;
2658;
2612;
2520;
2376;
2316;
2364;
2475;
2600;
2632;
2592;
2450;
2348;
2322;
2419;
2555;
2650;
2642;
2522;
2376;
2296;
2343;
2452;
2634;
2679;
2628;
2496;
2336;
2292;
2315;
2487;
2635;
2699;
2648;
2488;
2346;
2252;
2323;
2451;
2608;
2710;
2680;
2540;
2348;
2254;
2264;
2402;
2594;
2729;
2730;
2592;
2372;
2224;
2207;
2351;
2572;
2748;
2792;
2640;
2404;
2200;
2160;
2324;
2543;
2751;
2780;
2646;
2424;
2241;
2219;
2322;
2532;
2679;
2732;
2634;
2464;
2303;
2260;
2356;
2486;
2642;
2686;
2623;
2490;
2354;
2303;
2348;
2467;
2595;
2666;
2632;
2518;
2376;
2314;
2319;
2434;
2568;
2650;
2658;
2544;
2427;
2310;
2302;
2387;
2519;
2643;
2668;
2596;
2450;
2350;
2308;
2367;
2484;
2598;
2642;
2592;
2488;
2395;
2348;
2388;
2471;
2547;
2587;
2566;
2512;
2432;
2395;
2416;
2451;
2517;
2551;
2550;
2512;
2450;
2420;
2416;
2462;
2524;
2538;
2547;
2488;
2443;
2434;
2419;
2486;
2518;
2559;
2528;
2482;
2433;
2420;
2447;
2502;
2542;
2543;
2496;
2442;
2438;
2439;
2480;
2520;
2533;
2531;
2478;
2448;
2426;
2424;
2467;
2503;
2534;
2539;
2528;
2486;
2443;
2396;
2386;
2435;
2516;
2599;
2623;
2568;
2448;
2339;
2299;
2367;
2518;
2648;
2695;
2632;
2464;
2312;
2256;
2331;
2498;
2654;
2714;
2656;
2472;
2332;
2272;
2316;
2460;
2584;
2678;
2648;
2558;
2428;
2303;
2291;
2351;
2475;
2616;
2687;
2668;
2528;
2378;
2259;
2242;
2343;
2554;
2711;
2764;
2658;
2452;
2264;
2174;
2267;
2457;
2684;
2776;
2732;
2554;
2320;
2226;
2223;
2383;
2559;
2687;
2730;
2620;
2482;
2340;
2268;
2311;
2426;
2546;
2652;
2666;
2608;
2492;
2367;
2303;
2314;
2423;
2539;
2648;
2659;
2600;
2480;
2336;
2325;
2358;
2475;
2570;
2614;
2603;
2508;
2436;
2416;
2402;
2440;
2484;
2494;
2517;
2510;
2522;
2514;
2500;
2476;
2410;
2387;
2420;
2482;
2571;
2620;
2590;
2492;
2388;
2339;
2362;
2452;
2557;
2620;
2603;
2542;
2459;
2386;
2366;
2400;
2461;
2538;
2568;
2603;
2586;
2504;
2424;
2342;
2322;
2406;
2499;
2648;
2672;
2622;
2502;
2320;
2278;
2302;
2431;
2599;
2687;
2686;
2559;
2400;
2300;
2280;
2367;
2503;
2610;
2656;
2622;
2538;
2411;
2328;
2322;
2367;
2490;
2601;
2659;
2622;
2536;
2423;
2303;
2312;
2387;
2522;
2623;
2660;
2611;
2484;
2360;
2308;
2335;
2447;
2570;
2639;
2630;
2554;
2456;
2360;
2331;
2389;
2468;
2582;
2631;
2608;
2540;
2435;
2374;
2339;
2378;
2479;
2584;
2644;
2612;
2542;
2418;
2326;
2326;
2391;
2508;
2608;
2644;
2616;
2494;
2384;
2316;
2324;
2426;
2531;
2614;
2635;
2580;
2496;
2384;
2326;
2336;
2404;
2527;
2620;
2659;
2612;
2488;
2367;
2284;
2311;
2427;
2559;
2680;
2687;
2596;
2436;
2291;
2252;
2329;
2492;
2644;
2720;
2674;
2520;
2360;
2259;
2258;
2399;
2567;
2687;
2710;
2616;
2456;
2320;
2275;
2328;
2455;
2604;
2680;
2672;
2559;
2412;
2296;
2270;
2361;
2511;
2632;
2676;
2623;
2496;
2364;
2303;
2331;
2434;
2557;
2623;
2623;
2552;
2436;
2378;
2358;
2412;
2485;
2546;
2582;
2566;
2512;
2443;
2408;
2414;
2450;
2514;
2536;
2526;
2504;
2456;
2456;
2474;
2484;
2508;
2496;
2474;
2460;
2454;
2480;
2519;
2543;
2539;
2488;
2438;
2404;
2397;
2454;
2531;
2580;
2592;
2536;
2450;
2372;
2339;
2387;
2485;
2600;
2656;
2620;
2515;
2384;
2296;
2302;
2399;
2554;
2676;
2698;
2598;
2432;
2275;
2242;
2343;
2518;
2670;
2722;
2656;
2472;
2312;
2258;
2303;
2444;
2614;
2702;
2670;
2539;
2392;
2300;
2294;
2396;
2514;
2612;
2660;
2600;
2494;
2388;
2324;
2347;
2419;
2543;
2620;
2619;
2572;
2451;
2366;
2343;
2395;
2489;
2580;
2620;
2590;
2496;
2398;
2367;
2396;
2474;
2548;
2574;
2550;
2507;
2448;
2428;
2426;
2452;
2495;
2500;
2504;
2502;
2492;
2494;
2492;
2474;
2450;
2432;
2460;
2490;
2528;
2555;
2519;
2478;
2432;
2418;
2442;
2479;
2532;
2546;
2531;
2504;
2462;
2444;
2434;
2450;
2470;
2498;
2547;
2555;
2540;
2486;
2406;
2367;
2396;
2482;
2578;
2601;
2583;
2491;
2384;
2336;
2376;
2500;
2596;
2635;
2588;
2464;
2367;
2342;
2405;
2500;
2573;
2600;
2556;
2488;
2432;
2394;
2407;
2451;
2508;
2544;
2552;
2547;
2480;
2428;
2400;
2392;
2456;
2520;
2583;
2592;
2528;
2442;
2364;
2364;
2439;
2542;
2599;
2598;
2520;
2418;
2363;
2387;
2459;
2548;
2598;
2570;
2512;
2416;
2387;
2404;
2457;
2530;
2550;
2552;
2512;
2476;
2448;
2416;
2430;
2447;
2510;
2559;
2572;
2556;
2482;
2408;
2356;
2383;
2464;
2566;
2635;
2616;
2522;
2408;
2324;
2336;
2429;
2531;
2632;
2630;
2568;
2464;
2346;
2340;
2380;
2487;
2578;
2610;
2594;
2504;
2434;
2367;
2367;
2427;
2491;
2559;
2595;
2570;
2512;
2432;
2376;
2378;
2407;
2500;
2574;
2610;
2586;
2506;
2412;
2350;
2367;
2434;
2530;
2594;
2604;
2552;
2464;
2386;
2363;
2403;
2476;
2551;
2591;
2564;
2504;
2452;
2416;
2415;
2451;
2484;
2523;
2536;
2536;
2512;
2468;
2460;
2434;
2449;
2474;
2495;
2530;
2519;
2510;
2487;
2460;
2448;
2446;
2468;
2488;
2503;
2502;
2504;
2504;
2494;
2480;
2462;
2438;
2450;
2471;
2499;
2538;
2537;
2532;
2483;
2428;
2391;
2398;
2463;
2542;
2592;
2600;
2530;
2442;
2376;
2355;
2418;
2495;
2582;
2622;
2584;
2504;
2395;
2340;
2360;
2435;
2548;
2610;
2630;
2558;
2452;
2378;
2326;
2388;
2475;
2571;
2634;
2590;
2522;
2416;
2346;
2355;
2423;
2519;
2599;
2606;
2552;
2454;
2384;
2360;
2396;
2495;
2566;
2591;
2556;
2467;
2426;
2396;
2430;
2478;
2516;
2538;
2519;
2490;
2470;
2466;
2472;
2476;
2474;
2472;
2478;
2484;
2508;
2518;
2511;
2484;
2456;
2444;
2448;
2475;
2510;
2541;
2547;
2526;
2472;
2426;
2402;
2420;
2484;
2539;
2587;
2579;
2499;
2434;
2366;
2376;
2450;
2536;
2623;
2620;
2540;
2420;
2326;
2331;
2411;
2526;
2635;
2663;
2579;
2444;
2326;
2300;
2375;
2502;
2639;
2668;
2618;
2496;
2355;
2288;
2326;
2455;
2598;
2668;
2634;
2536;
2396;
2310;
2320;
2403;
2540;
2635;
2660;
2576;
2450;
2332;
2308;
2378;
2500;
2614;
2649;
2606;
2484;
2366;
2331;
2351;
2451;
2559;
2618;
2610;
2536;
2424;
2358;
2346;
2414;
2491;
2590;
2618;
2554;
2482;
2392;
2367;
2412;
2470;
2553;
2559;
2540;
2478;
2444;
2430;
2447;
2482;
2508;
2506;
2500;
2480;
2474;
2500;
2499;
2500;
2464;
2446;
2448;
2471;
2514;
2540;
2542;
2514;
2452;
2418;
2403;
2444;
2511;
2555;
2567;
2539;
2472;
2410;
2390;
2412;
2474;
2540;
2580;
2580;
2512;
2436;
2382;
2386;
2447;
2531;
2589;
2598;
2530;
2442;
2376;
2367;
2447;
2525;
2602;
2586;
2514;
2432;
2374;
2398;
2456;
2534;
2567;
2555;
2496;
2448;
2410;
2428;
2461;
2506;
2528;
2516;
2490;
2472;
2456;
2464;
2464;
2479;
2496;
2504;
2508;
2494;
2467;
2459;
2468;
2482;
2512;
2502;
2500;
2480;
2461;
2466;
2472;
2500;
2518;
2504;
2480;
2459;
2443;
2467;
2500;
2520;
2518;
2481;
2470;
2456;
2479;
2492;
2503;
2493;
2476;
2461;
2468;
2482;
2506;
2516;
2492;
2469;
2448;
2441;
2472;
2507;
2524;
2516;
2490;
2476;
2448;
2464;
2467;
2479;
2516;
2503;
2511;
2496;
2474;
2471;
2456;
2451;
2476;
2490;
2526;
2530;
2515;
2474;
2425;
2415;
2430;
2482;
2541;
2559;
2550;
2491;
2426;
2392;
2398;
2455;
2531;
2582;
2580;
2528;
2442;
2400;
2383;
2419;
2483;
2559;
2585;
2571;
2512;
2434;
2384;
2367;
2435;
2502;
2580;
2595;
2559;
2492;
2411;
2374;
2393;
2448;
2531;
2574;
2594;
2551;
2471;
2404;
2367;
2388;
2451;
2535;
2612;
2610;
2542;
2451;
2367;
2355;
2396;
2480;
2581;
2614;
2588;
2491;
2416;
2373;
2384;
2452;
2518;
2576;
2570;
2530;
2474;
2424;
2408;
2419;
2466;
2518;
2536;
2538;
2515;
2472;
2458;
2436;
2439;
2467;
2478;
2515;
2522;
2527;
2502;
2476;
2456;
2444;
2444;
2464;
2492;
2516;
2543;
2534;
2499;
2470;
2420;
2399;
2424;
2474;
2551;
2591;
2584;
2512;
2406;
2354;
2367;
2442;
2558;
2619;
2615;
2539;
2427;
2363;
2342;
2408;
2518;
2600;
2642;
2566;
2470;
2363;
2340;
2375;
2468;
2586;
2634;
2612;
2516;
2400;
2332;
2347;
2436;
2556;
2623;
2632;
2552;
2437;
2354;
2328;
2399;
2507;
2610;
2646;
2584;
2484;
2366;
2328;
2367;
2471;
2591;
2632;
2600;
2496;
2392;
2336;
2376;
2460;
2559;
2615;
2588;
2498;
2421;
2374;
2380;
2451;
2543;
2582;
2578;
2508;
2448;
2396;
2403;
2458;
2516;
2555;
2551;
2504;
2452;
2426;
2431;
2474;
2511;
2524;
2513;
2484;
2464;
2456;
2482;
2498;
2515;
2488;
2476;
2456;
2474;
2501;
2510;
2515;
2500;
2470;
2446;
2452;
2478;
2504;
2519;
2514;
2498;
2473;
2452;
2454;
2460;
2490;
2516;
2525;
2504;
2479;
2458;
2444;
2454;
2476;
2522;
2538;
2522;
2478;
2448;
2428;
2440;
2483;
2523;
2542;
2530;
2484;
2448;
2432;
2434;
2476;
2520;
2540;
2528;
2500;
2450;
2426;
2422;
2450;
2511;
2544;
2545;
2516;
2470;
2422;
2418;
2439;
2498;
2540;
2551;
2528;
2480;
2432;
2412;
2419;
2468;
2522;
2556;
2547;
2506;
2459;
2416;
2401;
2432;
2498;
2548;
2556;
2551;
2486;
2424;
2388;
2396;
2447;
2526;
2578;
2577;
2528;
2456;
2388;
2376;
2410;
2495;
2574;
2598;
2572;
2496;
2400;
2362;
2378;
2455;
2546;
2602;
2598;
2534;
2446;
2378;
2354;
2406;
2498;
2586;
2614;
2570;
2496;
2404;
2346;
2367;
2455;
2559;
2610;
2596;
2522;
2428;
2359;
2356;
2420;
2510;
2587;
2618;
2572;
2472;
2392;
2352;
2367;
2467;
2571;
2623;
2610;
2524;
2419;
2360;
2352;
2431;
2524;
2608;
2632;
2556;
2454;
2378;
2345;
2395;
2487;
2578;
2615;
2576;
2492;
2416;
2363;
2375;
2442;
2527;
2588;
2594;
2548;
2459;
2394;
2367;
2411;
2482;
2543;
2587;
2576;
2514;
2450;
2400;
2380;
2423;
2489;
2566;
2600;
2568;
2504;
2420;
2360;
2383;
2439;
2532;
2596;
2592;
2544;
2454;
2392;
2367;
2403;
2472;
2547;
2603;
2594;
2528;
2448;
2367;
2366;
2403;
2489;
2580;
2610;
2582;
2504;
2408;
2352;
2367;
2430;
2523;
2604;
2615;
2556;
2458;
2382;
2362;
2391;
2479;
2559;
2614;
2586;
2508;
2408;
2355;
2374;
2442;
2538;
2587;
2600;
2534;
2450;
2388;
2381;
2414;
2494;
2559;
2571;
2551;
2486;
2438;
2400;
2412;
2461;
2514;
2539;
2547;
2522;
2481;
2446;
2427;
2434;
2475;
2500;
2528;
2531;
2522;
2490;
2440;
2432;
2452;
2475;
2515;
2542;
2520;
2492;
2462;
2444;
2446;
2466;
2500;
2508;
2518;
2500;
2482;
2478;
2464;
2456;
2451;
2472;
2498;
2526;
2526;
2512;
2459;
2425;
2416;
2451;
2510;
2550;
2555;
2510;
2452;
2424;
2421;
2459;
2506;
2542;
2535;
2494;
2458;
2436;
2454;
2462;
2503;
2524;
2525;
2512;
2468;
2451;
2444;
2460;
2493;
2516;
2518;
2508;
2482;
2464;
2454;
2464;
2487;
2497;
2506;
2496;
2483;
2480;
2470;
2480;
2487;
2496;
2494;
2497;
2483;
2470;
2471;
2478;
2496;
2502;
2496;
2483;
2475;
2472;
2472;
2492;
2488;
2492;
2490;
2491;
2480;
2487;
2491;
2478;
2468;
2464;
2488;
2494;
2514;
2506;
2488;
2466;
2450;
2459;
2471;
2512;
2523;
2516;
2496;
2462;
2442;
2448;
2459;
2490;
2524;
2520;
2512;
2484;
2456;
2448;
2451;
2478;
2494;
2522;
2530;
2516;
2494;
2456;
2438;
2426;
2451;
2492;
2545;
2549;
2523;
2470;
2418;
2408;
2426;
2487;
2547;
2566;
2539;
2473;
2419;
2399;
2431;
2478;
2543;
2548;
2530;
2498;
2440;
2422;
2415;
2471;
2504;
2523;
2547;
2524;
2496;
2440;
2417;
2402;
2443;
2500;
2551;
2583;
2548;
2483;
2403;
2377;
2386;
2467;
2566;
2603;
2590;
2490;
2412;
2362;
2388;
2471;
2566;
2606;
2558;
2481;
2400;
2375;
2404;
2487;
2559;
2576;
2552;
2470;
2426;
2400;
2426;
2471;
2519;
2551;
2536;
2520;
2467;
2440;
2411;
2424;
2463;
2519;
2559;
2559;
2528;
2454;
2403;
2374;
2411;
2502;
2572;
2602;
2552;
2464;
2386;
2367;
2424;
2494;
2566;
2590;
2552;
2466;
2408;
2402;
2427;
2492;
2539;
2567;
2522;
2490;
2421;
2426;
2446;
2466;
2551;
2512;
2529;
2480;
2446;
2443;
2440;
2476;
2543;
2500;
2540;
2498;
2418;
2485;
2384;
2508;
2514;
2504;
2567;
2444;
2466;
2434;
2430;
2508;
2519;
2528;
2526;
2442;
2467;
2438;
2447;
2523;
2484;
2542;
2486;
2468;
2476;
2428;
2479;
2462;
2522;
2524;
2516;
2518;
2454;
2464;
2422;
2446;
2512;
2508;
2550;
2522;
2474;
2467;
2412;
2454;
2460;
2480;
2530;
2530;
2515;
2516;
2454;
2459;
2434;
2438;
2498;
2482;
2530;
2538;
2524;
2486;
2467;
2406;
2442;
2452;
2480;
2591;
2506;
2548;
2470;
2404;
2427;
2410;
2493;
2552;
2548;
2553;
2498;
2400;
2447;
2398;
2464;
2537;
2498;
2594;
2500;
2479;
2462;
2396;
2462;
2451;
2496;
2547;
2540;
2531;
2514;
2440;
2411;
2408;
2434;
2518;
2524;
2579;
2552;
2490;
2440;
2396;
2403;
2422;
2507;
2547;
2579;
2556;
2502;
2458;
2392;
2402;
2423;
2476;
2534;
2588;
2578;
2536;
2464;
2400;
2388;
2379;
2475;
2531;
2584;
2622;
2556;
2488;
2384;
2334;
2359;
2442;
2547;
2654;
2660;
2587;
2448;
2320;
2299;
2343;
2491;
2639;
2679;
2644;
2522;
2358;
2288;
2310;
2423;
2575;
2662;
2669;
2584;
2416;
2327;
2298;
2360;
2491;
2592;
2663;
2616;
2508;
2412;
2332;
2339;
2413;
2494;
2590;
2620;
2580;
2516;
2412;
2360;
2379;
2414;
2514;
2559;
2588;
2552;
2484;
2428;
2404;
2420;
2448;
2508;
2510;
2523;
2514;
2508;
2512;
2467;
2438;
2406;
2420;
2462;
2544;
2583;
2584;
2508;
2414;
2367;
2359;
2455;
2549;
2623;
2614;
2512;
2406;
2336;
2355;
2452;
2574;
2632;
2623;
2528;
2414;
2344;
2340;
2444;
2540;
2615;
2608;
2548;
2448;
2382;
2367;
2396;
2492;
2566;
2606;
2572;
2506;
2424;
2362;
2387;
2439;
2545;
2586;
2600;
2528;
2424;
2350;
2362;
2447;
2556;
2616;
2600;
2514;
2394;
2338;
2367;
2466;
2570;
2634;
2608;
2498;
2392;
2342;
2366;
2471;
2556;
2607;
2594;
2521;
2416;
2367;
2388;
2450;
2528;
2571;
2582;
2523;
2470;
2412;
2386;
2442;
2487;
2545;
2546;
2532;
2486;
2432;
2432;
2422;
2464;
2504;
2534;
2534;
2507;
2492;
2438;
2436;
2434;
2476;
2512;
2543;
2544;
2512;
2474;
2435;
2434;
2432;
2488;
2523;
2559;
2532;
2498;
2456;
2410;
2419;
2447;
2502;
2539;
2551;
2542;
2482;
2439;
2416;
2416;
2463;
2503;
2536;
2559;
2526;
2484;
2444;
2406;
2420;
2457;
2518;
2538;
2550;
2522;
2470;
2433;
2414;
2428;
2466;
2535;
2547;
2540;
2503;
2469;
2438;
2425;
2439;
2476;
2524;
2522;
2527;
2510;
2500;
2468;
2448;
2446;
2448;
2488;
2507;
2540;
2556;
2516;
2476;
2411;
2376;
2410;
2462;
2572;
2615;
2598;
2515;
2404;
2324;
2328;
2436;
2582;
2667;
2660;
2559;
2404;
2288;
2276;
2383;
2532;
2667;
2704;
2618;
2472;
2303;
2253;
2303;
2455;
2631;
2712;
2694;
2548;
2356;
2253;
2255;
2383;
2559;
2709;
2724;
2608;
2416;
2276;
2236;
2350;
2523;
2679;
2719;
2623;
2464;
2320;
2272;
2340;
2476;
2604;
2663;
2630;
2498;
2400;
2336;
2364;
2462;
2541;
2588;
2584;
2515;
2450;
2411;
2402;
2450;
2480;
2535;
2554;
2518;
2491;
2442;
2435;
2450;
2467;
2514;
2536;
2522;
2499;
2464;
2433;
2440;
2468;
2504;
2523;
2520;
2500;
2468;
2443;
2451;
2475;
2507;
2519;
2512;
2492;
2470;
2452;
2452;
2472;
2506;
2508;
2500;
2482;
2462;
2478;
2475;
2503;
2506;
2484;
2476;
2456;
2474;
2486;
2506;
2492;
2494;
2466;
2464;
2472;
2482;
2503;
2506;
2516;
2506;
2472;
2456;
2436;
2446;
2488;
2524;
2554;
2550;
2508;
2434;
2380;
2376;
2431;
2520;
2600;
2623;
2552;
2434;
2346;
2318;
2402;
2533;
2631;
2657;
2584;
2454;
2352;
2303;
2367;
2482;
2612;
2660;
2615;
2504;
2388;
2320;
2338;
2423;
2542;
2623;
2636;
2566;
2452;
2366;
2326;
2367;
2484;
2571;
2638;
2608;
2514;
2412;
2340;
2355;
2435;
2539;
2610;
2608;
2528;
2458;
2378;
2384;
2430;
2495;
2570;
2570;
2544;
2470;
2428;
2423;
2440;
2511;
2532;
2518;
2500;
2462;
2459;
2470;
2493;
2516;
2498;
2480;
2468;
2442;
2466;
2484;
2522;
2528;
2508;
2472;
2421;
2403;
2443;
2503;
2550;
2568;
2528;
2464;
2404;
2388;
2431;
2500;
2571;
2580;
2528;
2464;
2404;
2384;
2433;
2511;
2567;
2572;
2531;
2454;
2403;
2391;
2455;
2518;
2570;
2568;
2508;
2442;
2367;
2388;
2478;
2558;
2618;
2579;
2488;
2388;
2330;
2383;
2495;
2595;
2655;
2592;
2488;
2367;
2294;
2351;
2468;
2615;
2679;
2640;
2520;
2357;
2272;
2290;
2427;
2586;
2702;
2694;
2578;
2392;
2264;
2259;
2356;
2542;
2671;
2719;
2623;
2464;
2303;
2240;
2323;
2462;
2633;
2711;
2687;
2532;
2352;
2252;
2258;
2396;
2578;
2715;
2728;
2596;
2432;
2280;
2250;
2334;
2502;
2658;
2711;
2658;
2504;
2342;
2266;
2298;
2438;
2590;
2680;
2674;
2552;
2410;
2303;
2291;
2390;
2523;
2623;
2660;
2566;
2466;
2352;
2326;
2398;
2482;
2591;
2615;
2570;
2492;
2404;
2367;
2394;
2466;
2547;
2580;
2559;
2506;
2432;
2400;
2407;
2452;
2508;
2547;
2550;
2508;
2476;
2441;
2440;
2459;
2480;
2510;
2516;
2508;
2496;
2484;
2480;
2464;
2460;
2478;
2486;
2498;
2515;
2515;
2508;
2468;
2452;
2440;
2448;
2479;
2506;
2546;
2538;
2506;
2456;
2421;
2410;
2432;
2503;
2550;
2568;
2548;
2468;
2422;
2386;
2408;
2462;
2532;
2576;
2586;
2524;
2440;
2382;
2375;
2420;
2503;
2586;
2606;
2559;
2472;
2394;
2358;
2383;
2474;
2539;
2592;
2594;
2532;
2458;
2384;
2367;
2412;
2490;
2572;
2596;
2568;
2500;
2424;
2376;
2386;
2443;
2516;
2559;
2582;
2544;
2471;
2414;
2388;
2427;
2466;
2523;
2551;
2539;
2516;
2468;
2438;
2422;
2436;
2476;
2502;
2522;
2523;
2512;
2486;
2458;
2446;
2444;
2459;
2484;
2522;
2540;
2538;
2499;
2452;
2419;
2422;
2448;
2501;
2544;
2552;
2546;
2496;
2438;
2415;
2406;
2446;
2508;
2543;
2572;
2539;
2470;
2410;
2390;
2409;
2466;
2528;
2579;
2570;
2515;
2440;
2386;
2392;
2435;
2522;
2571;
2578;
2550;
2472;
2407;
2384;
2411;
2464;
2546;
2576;
2559;
2514;
2424;
2388;
2390;
2446;
2519;
2571;
2586;
2548;
2458;
2405;
2378;
2413;
2488;
2551;
2595;
2559;
2482;
2410;
2367;
2401;
2467;
2550;
2583;
2566;
2506;
2436;
2388;
2410;
2451;
2512;
2556;
2551;
2539;
2470;
2424;
2419;
2434;
2480;
2512;
2527;
2530;
2500;
2488;
2456;
2443;
2450;
2454;
2485;
2515;
2526;
2524;
2500;
2476;
2454;
2438;
2456;
2464;
2511;
2534;
2536;
2520;
2472;
2446;
2432;
2442;
2484;
2512;
2534;
2525;
2517;
2480;
2438;
2424;
2432;
2470;
2519;
2551;
2538;
2507;
2460;
2428;
2414;
2440;
2498;
2530;
2543;
2519;
2480;
2446;
2435;
2456;
2484;
2510;
2507;
2494;
2480;
2476;
2486;
2498;
2482;
2476;
2448;
2459;
2482;
2510;
2536;
2523;
2492;
2442;
2421;
2430;
2463;
2517;
2543;
2544;
2506;
2464;
2418;
2414;
2442;
2491;
2536;
2542;
2526;
2500;
2452;
2422;
2426;
2450;
2502;
2544;
2555;
2546;
2480;
2435;
2408;
2418;
2471;
2520;
2554;
2547;
2519;
2466;
2432;
2416;
2440;
2482;
2526;
2544;
2528;
2500;
2448;
2444;
2435;
2456;
2500;
2508;
2532;
2510;
2488;
2459;
2439;
2456;
2482;
2508;
2521;
2504;
2488;
2468;
2456;
2480;
2481;
2500;
2514;
2500;
2494;
2466;
2462;
2472;
2484;
2518;
2514;
2492;
2478;
2450;
2450;
2472;
2505;
2532;
2522;
2504;
2454;
2428;
2427;
2449;
2515;
2544;
2556;
2508;
2438;
2415;
2416;
2460;
2519;
2551;
2550;
2500;
2444;
2418;
2406;
2458;
2512;
2551;
2567;
2523;
2464;
2423;
2403;
2436;
2484;
2539;
2559;
2542;
2491;
2413;
2400;
2419;
2467;
2556;
2582;
2556;
2482;
2408;
2387;
2412;
2486;
2550;
2566;
2551;
2480;
2416;
2408;
2427;
2484;
2535;
2547;
2520;
2474;
2448;
2436;
2449;
2483;
2512;
2519;
2524;
2506;
2476;
2440;
2438;
2450;
2491;
2531;
2532;
2512;
2473;
2443;
2446;
2459;
2497;
2522;
2518;
2504;
2468;
2443;
2446;
2470;
2508;
2516;
2506;
2492;
2456;
2460;
2474;
2494;
2512;
2496;
2486;
2474;
2458;
2463;
2483;
2502;
2507;
2504;
2490;
2468;
2459;
2460;
2468;
2486;
2498;
2510;
2514;
2507;
2480;
2448;
2436;
2452;
2487;
2528;
2539;
2530;
2484;
2438;
2425;
2428;
2480;
2528;
2549;
2536;
2491;
2440;
2416;
2420;
2471;
2510;
2540;
2543;
2508;
2471;
2428;
2411;
2426;
2463;
2540;
2559;
2554;
2500;
2434;
2390;
2392;
2447;
2537;
2583;
2591;
2528;
2442;
2384;
2367;
2434;
2526;
2579;
2596;
2544;
2451;
2403;
2380;
2424;
2483;
2554;
2578;
2554;
2494;
2427;
2390;
2404;
2450;
2531;
2559;
2558;
2504;
2454;
2414;
2404;
2439;
2503;
2539;
2558;
2532;
2478;
2428;
2399;
2427;
2476;
2520;
2540;
2529;
2500;
2460;
2444;
2439;
2456;
2490;
2515;
2523;
2512;
2502;
2476;
2454;
2448;
2447;
2475;
2508;
2535;
2543;
2496;
2452;
2423;
2422;
2469;
2516;
2542;
2540;
2490;
2464;
2438;
2440;
2471;
2496;
2516;
2526;
2503;
2480;
2460;
2444;
2458;
2474;
2506;
2514;
2526;
2506;
2466;
2442;
2418;
2448;
2502;
2536;
2554;
2518;
2466;
2424;
2410;
2444;
2498;
2532;
2559;
2520;
2478;
2435;
2426;
2446;
2496;
2531;
2525;
2515;
2487;
2464;
2476;
2472;
2480;
2474;
2484;
2484;
2504;
2515;
2515;
2494;
2456;
2436;
2440;
2471;
2502;
2540;
2540;
2506;
2448;
2412;
2416;
2444;
2494;
2535;
2546;
2534;
2496;
2440;
2400;
2402;
2444;
2514;
2559;
2579;
2548;
2474;
2410;
2367;
2390;
2470;
2555;
2594;
2600;
2515;
2432;
2378;
2367;
2422;
2495;
2568;
2604;
2570;
2508;
2435;
2380;
2367;
2428;
2510;
2578;
2595;
2556;
2472;
2400;
2374;
2396;
2463;
2536;
2580;
2590;
2531;
2448;
2388;
2367;
2414;
2503;
2592;
2611;
2578;
2482;
2378;
2334;
2375;
2475;
2586;
2640;
2606;
2504;
2384;
2328;
2353;
2450;
2576;
2639;
2620;
2531;
2412;
2343;
2350;
2427;
2543;
2612;
2611;
2536;
2432;
2367;
2367;
2423;
2516;
2583;
2599;
2538;
2458;
2400;
2379;
2419;
2487;
2551;
2568;
2556;
2487;
2439;
2410;
2412;
2455;
2523;
2555;
2555;
2520;
2464;
2417;
2415;
2446;
2486;
2511;
2522;
2516;
2506;
2480;
2466;
2458;
2454;
2458;
2467;
2492;
2516;
2538;
2528;
2487;
2458;
2424;
2423;
2463;
2515;
2559;
2558;
2510;
2465;
2420;
2400;
2430;
2479;
2544;
2576;
2548;
2492;
2436;
2404;
2415;
2452;
2512;
2546;
2543;
2508;
2486;
2439;
2435;
2429;
2462;
2487;
2521;
2539;
2517;
2502;
2472;
2426;
2422;
2443;
2478;
2532;
2551;
2544;
2498;
2434;
2417;
2411;
2460;
2518;
2540;
2550;
2520;
2474;
2427;
2412;
2435;
2479;
2534;
2542;
2535;
2494;
2459;
2423;
2427;
2458;
2500;
2531;
2536;
2515;
2474;
2450;
2432;
2450;
2472;
2508;
2527;
2524;
2508;
2478;
2448;
2432;
2452;
2492;
2514;
2532;
2506;
2480;
2468;
2452;
2462;
2484;
2492;
2508;
2504;
2492;
2475;
2467;
2475;
2470;
2482;
2482;
2494;
2502;
2502;
2481;
2470;
2451;
2462;
2476;
2514;
2526;
2510;
2491;
2459;
2439;
2447;
2476;
2508;
2536;
2524;
2500;
2460;
2436;
2435;
2466;
2502;
2528;
2523;
2502;
2466;
2450;
2446;
2466;
2491;
2502;
2514;
2507;
2475;
2467;
2458;
2456;
2474;
2492;
2500;
2506;
2504;
2484;
2460;
2460;
2462;
2483;
2500;
2519;
2502;
2487;
2464;
2454;
2479;
2478;
2495;
2504;
2492;
2487;
2476;
2470;
2476;
2474;
2491;
2494;
2494;
2502;
2496;
2494;
2478;
2464;
2464;
2482;
2490;
2504;
2494;
2496;
2484;
2474;
2468;
2467;
2480;
2483;
2498;
2510;
2502;
2487;
2466;
2444;
2459;
2478;
2498;
2508;
2516;
2494;
2468;
2450;
2434;
2468;
2496;
2514;
2514;
2500;
2476;
2469;
2466;
2470;
2475;
2494;
2504;
2504;
2508;
2482;
2467;
2462;
2455;
2472;
2492;
2506;
2516;
2500;
2481;
2462;
2450;
2460;
2486;
2516;
2516;
2504;
2490;
2462;
2448;
2456;
2475;
2499;
2523;
2530;
2513;
2480;
2451;
2432;
2455;
2472;
2508;
2535;
2526;
2496;
2459;
2432;
2424;
2446;
2503;
2537;
2550;
2530;
2468;
2424;
2396;
2419;
2492;
2538;
2579;
2558;
2488;
2418;
2376;
2399;
2460;
2551;
2585;
2578;
2504;
2428;
2367;
2387;
2448;
2532;
2586;
2588;
2528;
2444;
2388;
2375;
2431;
2517;
2574;
2596;
2540;
2458;
2411;
2388;
2422;
2476;
2535;
2559;
2538;
2496;
2448;
2422;
2433;
2456;
2493;
2530;
2530;
2530;
2503;
2468;
2428;
2422;
2450;
2490;
2531;
2538;
2526;
2492;
2444;
2427;
2446;
2478;
2515;
2530;
2534;
2498;
2462;
2448;
2451;
2472;
2488;
2510;
2512;
2500;
2486;
2467;
2454;
2468;
2466;
2495;
2511;
2516;
2504;
2476;
2468;
2450;
2458;
2472;
2506;
2524;
2519;
2492;
2462;
2418;
2432;
2472;
2515;
2550;
2530;
2502;
2452;
2422;
2424;
2456;
2514;
2538;
2540;
2516;
2462;
2420;
2418;
2448;
2506;
2532;
2546;
2530;
2482;
2436;
2423;
2434;
2482;
2530;
2543;
2526;
2492;
2460;
2430;
2443;
2467;
2507;
2518;
2522;
2512;
2472;
2458;
2447;
2456;
2480;
2500;
2515;
2518;
2488;
2469;
2454;
2460;
2476;
2499;
2508;
2500;
2483;
2464;
2464;
2482;
2499;
2505;
2491;
2470;
2458;
2460;
2482;
2506;
2522;
2515;
2480;
2459;
2434;
2451;
2484;
2517;
2544;
2526;
2484;
2448;
2427;
2422;
2471;
2522;
2551;
2531;
2515;
2450;
2422;
2412;
2441;
2503;
2540;
2555;
2536;
2486;
2440;
2410;
2399;
2450;
2516;
2570;
2584;
2550;
2459;
2384;
2363;
2398;
2485;
2579;
2622;
2584;
2504;
2406;
2350;
2356;
2450;
2547;
2606;
2616;
2546;
2445;
2364;
2345;
2395;
2491;
2590;
2630;
2596;
2524;
2396;
2336;
2343;
2419;
2543;
2619;
2634;
2572;
2464;
2352;
2315;
2367;
2464;
2576;
2656;
2623;
2540;
2402;
2313;
2317;
2402;
2515;
2634;
2662;
2600;
2484;
2362;
2303;
2335;
2444;
2575;
2658;
2650;
2554;
2422;
2326;
2303;
2367;
2511;
2614;
2663;
2622;
2498;
2374;
2300;
2326;
2435;
2566;
2643;
2651;
2568;
2456;
2344;
2316;
2367;
2478;
2591;
2644;
2612;
2528;
2396;
2328;
2338;
2412;
2526;
2607;
2623;
2579;
2466;
2376;
2327;
2380;
2477;
2568;
2612;
2592;
2514;
2438;
2375;
2367;
2437;
2510;
2565;
2576;
2550;
2488;
2428;
2397;
2408;
2458;
2511;
2551;
2548;
2523;
2480;
2440;
2416;
2423;
2470;
2515;
2547;
2542;
2525;
2476;
2443;
2416;
2423;
2460;
2524;
2532;
2547;
2512;
2452;
2439;
2410;
2450;
2482;
2523;
2556;
2503;
2502;
2448;
2434;
2456;
2456;
2500;
2531;
2508;
2512;
2478;
2453;
2464;
2428;
2480;
2495;
2512;
2523;
2483;
2494;
2442;
2458;
2470;
2511;
2516;
2508;
2506;
2467;
2461;
2459;
2464;
2498;
2518;
2500;
2517;
2476;
2470;
2471;
2448;
2487;
2464;
2508;
2514;
2504;
2519;
2476;
2458;
2443;
2432;
2489;
2510;
2547;
2535;
2494;
2448;
2411;
2398;
2450;
2524;
2547;
2574;
2504;
2458;
2422;
2398;
2448;
2490;
2532;
2554;
2528;
2480;
2474;
2389;
2433;
2460;
2488;
2576;
2530;
2546;
2480;
2432;
2422;
2403;
2455;
2534;
2559;
2564;
2528;
2444;
2418;
2367;
2427;
2490;
2542;
2603;
2551;
2508;
2410;
2374;
2384;
2439;
2547;
2572;
2596;
2522;
2452;
2402;
2378;
2423;
2488;
2552;
2582;
2556;
2478;
2424;
2384;
2415;
2460;
2524;
2588;
2552;
2520;
2427;
2400;
2422;
2448;
2539;
2567;
2559;
2488;
2440;
2388;
2419;
2466;
2528;
2583;
2554;
2510;
2424;
2394;
2391;
2458;
2530;
2583;
2576;
2504;
2442;
2358;
2390;
2444;
2527;
2602;
2584;
2546;
2442;
2378;
2374;
2402;
2487;
2579;
2594;
2578;
2508;
2410;
2380;
2346;
2435;
2511;
2599;
2628;
2576;
2498;
2352;
2334;
2344;
2463;
2578;
2654;
2660;
2534;
2418;
2308;
2311;
2390;
2511;
2644;
2676;
2614;
2482;
2366;
2296;
2327;
2431;
2566;
2656;
2658;
2584;
2436;
2350;
2296;
2351;
2483;
2590;
2679;
2644;
2557;
2408;
2310;
2291;
2367;
2517;
2631;
2682;
2620;
2488;
2352;
2296;
2314;
2436;
2571;
2652;
2646;
2552;
2448;
2346;
2334;
2387;
2478;
2590;
2620;
2608;
2528;
2436;
2384;
2356;
2406;
2495;
2574;
2614;
2595;
2520;
2426;
2356;
2367;
2416;
2505;
2590;
2608;
2576;
2482;
2400;
2362;
2374;
2452;
2539;
2592;
2584;
2531;
2456;
2392;
2387;
2416;
2467;
2532;
2559;
2559;
2514;
2460;
2420;
2398;
2426;
2479;
2534;
2559;
2552;
2507;
2436;
2400;
2403;
2439;
2503;
2555;
2568;
2548;
2480;
2422;
2390;
2418;
2468;
2530;
2570;
2559;
2510;
2442;
2408;
2406;
2447;
2519;
2548;
2556;
2520;
2480;
2434;
2408;
2422;
2472;
2524;
2540;
2542;
2496;
2466;
2424;
2423;
2451;
2475;
2515;
2531;
2528;
2492;
2465;
2440;
2428;
2453;
2484;
2508;
2528;
2523;
2506;
2466;
2440;
2448;
2454;
2487;
2506;
2510;
2510;
2496;
2491;
2472;
2460;
2464;
2458;
2487;
2502;
2522;
2514;
2515;
2487;
2454;
2450;
2440;
2479;
2507;
2532;
2548;
2499;
2484;
2439;
2420;
2443;
2478;
2523;
2538;
2528;
2498;
2454;
2418;
2420;
2442;
2507;
2543;
2540;
2528;
2453;
2439;
2416;
2430;
2474;
2516;
2551;
2536;
2510;
2452;
2418;
2411;
2439;
2497;
2540;
2551;
2540;
2492;
2438;
2407;
2409;
2460;
2515;
2566;
2571;
2531;
2462;
2412;
2402;
2426;
2479;
2540;
2578;
2555;
2500;
2436;
2402;
2414;
2466;
2510;
2556;
2544;
2508;
2464;
2430;
2426;
2442;
2484;
2526;
2523;
2524;
2490;
2452;
2456;
2444;
2460;
2490;
2498;
2526;
2506;
2482;
2460;
2442;
2461;
2476;
2498;
2508;
2506;
2490;
2464;
2459;
2470;
2484;
2495;
2496;
2504;
2488;
2478;
2476;
2484;
2489;
2490;
2475;
2485;
2476;
2503;
2499;
2488;
2495;
2464;
2468;
2479;
2476;
2492;
2508;
2500;
2490;
2471;
2464;
2474;
2484;
2510;
2504;
2480;
2466;
2460;
2478;
2504;
2510;
2500;
2483;
2455;
2436;
2436;
2490;
2530;
2552;
2543;
2492;
2420;
2396;
2401;
2470;
2540;
2574;
2574;
2512;
2432;
2390;
2378;
2444;
2516;
2576;
2590;
2552;
2482;
2406;
2367;
2398;
2459;
2548;
2598;
2598;
2538;
2443;
2376;
2362;
2419;
2510;
2584;
2610;
2559;
2472;
2400;
2359;
2395;
2476;
2555;
2592;
2576;
2504;
2416;
2367;
2400;
2450;
2524;
2571;
2567;
2523;
2450;
2411;
2396;
2431;
2492;
2542;
2550;
2523;
2480;
2436;
2432;
2447;
2474;
2512;
2526;
2522;
2488;
2460;
2452;
2456;
2476;
2510;
2520;
2512;
2496;
2448;
2459;
2454;
2491;
2516;
2522;
2518;
2480;
2451;
2439;
2454;
2500;
2532;
2532;
2514;
2472;
2438;
2428;
2438;
2495;
2528;
2548;
2533;
2478;
2434;
2416;
2435;
2482;
2546;
2552;
2532;
2482;
2434;
2410;
2417;
2472;
2526;
2559;
2554;
2502;
2432;
2408;
2407;
2455;
2522;
2552;
2568;
2524;
2453;
2404;
2388;
2430;
2498;
2559;
2588;
2548;
2482;
2416;
2392;
2415;
2455;
2535;
2574;
2572;
2532;
2450;
2403;
2384;
2428;
2498;
2555;
2583;
2551;
2490;
2432;
2391;
2403;
2456;
2528;
2570;
2567;
2523;
2456;
2411;
2405;
2427;
2486;
2532;
2551;
2550;
2492;
2452;
2410;
2407;
2446;
2494;
2540;
2564;
2540;
2503;
2436;
2402;
2404;
2435;
2518;
2564;
2587;
2554;
2468;
2412;
2367;
2390;
2467;
2546;
2595;
2585;
2536;
2434;
2384;
2374;
2415;
2512;
2553;
2595;
2548;
2478;
2428;
2380;
2415;
2455;
2523;
2570;
2559;
2516;
2472;
2416;
2415;
2417;
2464;
2535;
2547;
2559;
2515;
2454;
2418;
2384;
2440;
2499;
2544;
2568;
2538;
2490;
2436;
2400;
2423;
2459;
2520;
2559;
2542;
2512;
2452;
2412;
2402;
2440;
2503;
2543;
2559;
2520;
2480;
2424;
2402;
2430;
2466;
2530;
2548;
2543;
2512;
2448;
2424;
2414;
2450;
2506;
2540;
2555;
2531;
2462;
2420;
2404;
2436;
2500;
2536;
2555;
2524;
2482;
2434;
2418;
2428;
2475;
2534;
2538;
2531;
2494;
2454;
2440;
2437;
2471;
2496;
2528;
2531;
2498;
2478;
2450;
2442;
2475;
2482;
2508;
2515;
2498;
2486;
2464;
2470;
2482;
2473;
2484;
2490;
2492;
2491;
2490;
2484;
2479;
2472;
2472;
2472;
2480;
2496;
2496;
2499;
2488;
2484;
2464;
2454;
2451;
2478;
2506;
2518;
2520;
2498;
2462;
2436;
2424;
2457;
2511;
2539;
2547;
2520;
2478;
2428;
2404;
2431;
2487;
2548;
2559;
2538;
2492;
2432;
2423;
2408;
2459;
2522;
2547;
2552;
2522;
2466;
2422;
2402;
2434;
2480;
2534;
2556;
2544;
2506;
2438;
2412;
2394;
2440;
2510;
2558;
2574;
2536;
2466;
2416;
2378;
2407;
2478;
2536;
2588;
2574;
2508;
2439;
2380;
2387;
2430;
2507;
2570;
2586;
2558;
2476;
2408;
2360;
2391;
2458;
2556;
2599;
2590;
2516;
2422;
2364;
2382;
2446;
2533;
2582;
2594;
2540;
2464;
2390;
2375;
2424;
2508;
2558;
2576;
2540;
2472;
2432;
2402;
2424;
2482;
2526;
2552;
2524;
2488;
2448;
2435;
2450;
2476;
2511;
2526;
2502;
2492;
2474;
2452;
2462;
2471;
2499;
2508;
2499;
2482;
2459;
2464;
2472;
2502;
2512;
2499;
2484;
2468;
2458;
2471;
2483;
2510;
2520;
2502;
2487;
2448;
2452;
2463;
2498;
2531;
2528;
2510;
2474;
2452;
2451;
2462;
2496;
2512;
2522;
2508;
2474;
2454;
2448;
2459;
2486;
2508;
2520;
2510;
2482;
2458;
2454;
2454;
2480;
2512;
2520;
2514;
2494;
2466;
2444;
2450;
2472;
2504;
2521;
2519;
2492;
2460;
2427;
2423;
2466;
2508;
2543;
2530;
2488;
2462;
2420;
2423;
2455;
2511;
2546;
2540;
2516;
2458;
2422;
2428;
2451;
2505;
2530;
2526;
2520;
2470;
2448;
2436;
2444;
2487;
2514;
2536;
2522;
2498;
2466;
2435;
2436;
2456;
2496;
2530;
2536;
2520;
2472;
2438;
2434;
2444;
2490;
2503;
2528;
2524;
2494;
2475;
2442;
2455;
2480;
2493;
2508;
2504;
2504;
2486;
2474;
2478;
2466;
2482;
2487;
2494;
2512;
2488;
2487;
2478;
2467;
2478;
2472;
2488;
2492;
2504;
2504;
2482;
2488;
2475;
2478;
2483;
2475;
2485;
2504;
2500;
2510;
2492;
2466;
2454;
2454;
2474;
2506;
2530;
2516;
2492;
2464;
2428;
2423;
2452;
2518;
2541;
2539;
2512;
2448;
2420;
2419;
2454;
2507;
2536;
2548;
2512;
2454;
2439;
2418;
2443;
2498;
2516;
2543;
2520;
2492;
2456;
2419;
2427;
2464;
2503;
2539;
2539;
2516;
2468;
2435;
2432;
2450;
2491;
2524;
2538;
2530;
2494;
2450;
2436;
2437;
2470;
2502;
2519;
2531;
2515;
2486;
2458;
2447;
2440;
2468;
2506;
2515;
2530;
2523;
2488;
2459;
2432;
2428;
2459;
2507;
2546;
2556;
2519;
2466;
2420;
2412;
2428;
2494;
2543;
2555;
2546;
2480;
2428;
2388;
2426;
2476;
2536;
2559;
2535;
2488;
2440;
2418;
2426;
2459;
2503;
2543;
2526;
2512;
2478;
2424;
2431;
2442;
2500;
2520;
2526;
2523;
2484;
2464;
2430;
2439;
2480;
2498;
2518;
2508;
2479;
2475;
2471;
2475;
2486;
2482;
2491;
2484;
2488;
2491;
2487;
2504;
2488;
2476;
2456;
2464;
2472;
2486;
2523;
2510;
2507;
2475;
2448;
2446;
2456;
2496;
2522;
2538;
2524;
2478;
2440;
2436;
2452;
2503;
2507;
2526;
2520;
2480;
2471;
2442;
2451;
2470;
2500;
2528;
2516;
2503;
2475;
2462;
2450;
2456;
2486;
2511;
2520;
2516;
2492;
2466;
2451;
2444;
2464;
2490;
2504;
2522;
2508;
2495;
2466;
2454;
2447;
2464;
2484;
2512;
2522;
2506;
2484;
2459;
2448;
2454;
2462;
2507;
2520;
2518;
2498;
2468;
2448;
2448;
2468;
2494;
2514;
2524;
2508;
2478;
2456;
2434;
2455;
2488;
2519;
2546;
2528;
2491;
2452;
2418;
2424;
2450;
2518;
2551;
2554;
2512;
2448;
2412;
2404;
2450;
2516;
2554;
2544;
2518;
2467;
2427;
2410;
2442;
2492;
2530;
2540;
2512;
2480;
2453;
2450;
2456;
2486;
2505;
2511;
2499;
2484;
2476;
2468;
2479;
2488;
2490;
2486;
2478;
2466;
2484;
2498;
2508;
2514;
2480;
2460;
2439;
2443;
2471;
2504;
2543;
2539;
2504;
2454;
2410;
2406;
2435;
2519;
2559;
2570;
2538;
2462;
2408;
2367;
2418;
2479;
2559;
2596;
2558;
2488;
2422;
2375;
2392;
2460;
2537;
2583;
2580;
2528;
2436;
2385;
2380;
2432;
2510;
2570;
2586;
2538;
2458;
2408;
2402;
2438;
2498;
2538;
2539;
2522;
2472;
2442;
2448;
2460;
2502;
2511;
2511;
2484;
2458;
2462;
2482;
2491;
2500;
2506;
2484;
2464;
2448;
2452;
2482;
2503;
2532;
2519;
2496;
2458;
2432;
2432;
2456;
2507;
2535;
2547;
2528;
2462;
2427;
2404;
2430;
2482;
2538;
2558;
2544;
2492;
2440;
2418;
2423;
2458;
2508;
2550;
2550;
2520;
2470;
2435;
2420;
2413;
2470;
2527;
2556;
2550;
2512;
2456;
2422;
2406;
2444;
2495;
2540;
2554;
2530;
2480;
2432;
2418;
2435;
2483;
2516;
2536;
2530;
2494;
2468;
2428;
2439;
2466;
2492;
2515;
2512;
2508;
2487;
2471;
2460;
2450;
2473;
2486;
2510;
2504;
2508;
2490;
2458;
2442;
2450;
2474;
2511;
2526;
2523;
2484;
2456;
2436;
2452;
2483;
2506;
2531;
2520;
2490;
2450;
2437;
2452;
2480;
2504;
2519;
2512;
2490;
2470;
2444;
2452;
2475;
2502;
2516;
2517;
2508;
2474;
2451;
2450;
2456;
2476;
2514;
2527;
2516;
2482;
2454;
2442;
2445;
2486;
2516;
2532;
2521;
2482;
2436;
2432;
2446;
2488;
2530;
2544;
2520;
2472;
2427;
2416;
2438;
2502;
2540;
2546;
2526;
2472;
2436;
2432;
2451;
2500;
2528;
2531;
2518;
2468;
2444;
2434;
2446;
2496;
2520;
2532;
2516;
2483;
2459;
2442;
2439;
2479;
2503;
2534;
2528;
2504;
2480;
2450;
2440;
2466;
2491;
2515;
2524;
2514;
2480;
2459;
2454;
2455;
2477;
2502;
2519;
2522;
2493;
2479;
2459;
2447;
2466;
2495;
2503;
2505;
2507;
2482;
2476;
2474;
2480;
2482;
2487;
2491;
2484;
2483;
2505;
2491;
2494;
2496;
2464;
2467;
2463;
2472;
2492;
2506;
2522;
2504;
2483;
2452;
2443;
2456;
2479;
2504;
2534;
2535;
2502;
2470;
2432;
2426;
2446;
2491;
2528;
2538;
2530;
2484;
2438;
2428;
2432;
2466;
2512;
2537;
2535;
2506;
2472;
2446;
2428;
2440;
2490;
2518;
2531;
2522;
2484;
2462;
2430;
2440;
2479;
2512;
2528;
2524;
2494;
2464;
2435;
2442;
2479;
2507;
2524;
2512;
2492;
2452;
2438;
2459;
2490;
2516;
2535;
2508;
2478;
2440;
2426;
2454;
2499;
2536;
2536;
2499;
2466;
2432;
2434;
2456;
2507;
2527;
2540;
2520;
2483;
2438;
2425;
2436;
2470;
2524;
2544;
2544;
2510;
2459;
2416;
2402;
2429;
2488;
2551;
2559;
2540;
2480;
2419;
2401;
2419;
2479;
2532;
2559;
2532;
2486;
2452;
2423;
2420;
2466;
2512;
2542;
2532;
2488;
2466;
2448;
2449;
2466;
2495;
2516;
2508;
2500;
2481;
2462;
2468;
2470;
2492;
2499;
2496;
2476;
2473;
2472;
2478;
2495;
2504;
2499;
2478;
2462;
2454;
2460;
2491;
2510;
2528;
2510;
2467;
2448;
2434;
2462;
2486;
2514;
2531;
2516;
2478;
2450;
2440;
2450;
2471;
2511;
2530;
2526;
2498;
2470;
2442;
2439;
2459;
2496;
2519;
2522;
2507;
2472;
2455;
2447;
2466;
2490;
2514;
2518;
2504;
2484;
2462;
2467;
2474;
2490;
2486;
2502;
2499;
2486;
2485;
2480;
2474;
2472;
2482;
2484;
2495;
2493;
2506;
2494;
2474;
2474;
2470;
2490;
2494;
2512;
2506;
2480;
2468;
2454;
2464;
2474;
2504;
2514;
2508;
2484;
2460;
2464;
2464;
2476;
2498;
2518;
2515;
2492;
2467;
2452;
2452;
2462;
2489;
2516;
2530;
2514;
2486;
2454;
2428;
2442;
2475;
2518;
2542;
2535;
2496;
2456;
2421;
2414;
2448;
2518;
2550;
2551;
2512;
2464;
2418;
2406;
2438;
2502;
2547;
2558;
2540;
2480;
2422;
2392;
2418;
2476;
2535;
2559;
2553;
2506;
2448;
2408;
2410;
2452;
2508;
2542;
2552;
2524;
2476;
2448;
2424;
2424;
2460;
2500;
2544;
2548;
2514;
2482;
2440;
2406;
2416;
2467;
2528;
2564;
2556;
2510;
2443;
2408;
2405;
2446;
2500;
2554;
2559;
2528;
2480;
2435;
2416;
2427;
2467;
2519;
2543;
2546;
2522;
2460;
2434;
2414;
2418;
2471;
2518;
2555;
2554;
2510;
2455;
2413;
2411;
2443;
2492;
2544;
2554;
2528;
2474;
2430;
2414;
2448;
2506;
2524;
2539;
2517;
2480;
2456;
2448;
2464;
2487;
2506;
2510;
2492;
2482;
2476;
2466;
2478;
2488;
2491;
2488;
2480;
2472;
2478;
2486;
2487;
2484;
2494;
2481;
2477;
2464;
2471;
2487;
2508;
2508;
2507;
2488;
2466;
2452;
2450;
2478;
2503;
2520;
2521;
2500;
2470;
2452;
2450;
2458;
2485;
2507;
2515;
2504;
2496;
2469;
2459;
2462;
2462;
2478;
2506;
2506;
2516;
2496;
2478;
2460;
2450;
2451;
2486;
2506;
2526;
2519;
2486;
2464;
2440;
2444;
2464;
2510;
2524;
2514;
2508;
2482;
2454;
2450;
2460;
2475;
2504;
2524;
2507;
2482;
2462;
2458;
2448;
2475;
2510;
2515;
2516;
2488;
2464;
2452;
2460;
2471;
2488;
2516;
2510;
2482;
2464;
2459;
2468;
2487;
2510;
2525;
2506;
2478;
2470;
2451;
2470;
2492;
2512;
2506;
2496;
2460;
2460;
2463;
2469;
2495;
2511;
2508;
2484;
2471;
2470;
2464;
2480;
2500;
2490;
2496;
2483;
2478;
2472;
2480;
2484;
2504;
2490;
2501;
2456;
2450;
2487;
2480;
2508;
2518;
2504;
2472;
2468;
2440;
2484;
2475;
2532;
2518;
2492;
2514;
2394;
2468;
2440;
2476;
2551;
2491;
2555;
2484;
2438;
2464;
2398;
2478;
2526;
2500;
2588;
2484;
2464;
2467;
2367;
2491;
2470;
2532;
2559;
2492;
2514;
2424;
2420;
2436;
2454;
2514;
2538;
2532;
2518;
2456;
2432;
2423;
2436;
2512;
2518;
2559;
2504;
2496;
2438;
2416;
2475;
2452;
2539;
2514;
2511;
2504;
2422;
2474;
2462;
2472;
2519;
2480;
2498;
2486;
2476;
2483;
2488;
2476;
2503;
2478;
2464;
2503;
2475;
2500;
2490;
2482;
2488;
2472;
2456;
2495;
2487;
2478;
2535;
2440;
2515;
2474;
2441;
2515;
2424;
2504;
2498;
2489;
2518;
2476;
2466;
2472;
2436;
2484;
2518;
2486;
2554;
2464;
2484;
2448;
2424;
2510;
2472;
2541;
2506;
2494;
2466;
2428;
2463;
2475;
2496;
2499;
2512;
2468;
2490;
2470;
2493;
2480;
2490;
2499;
2460;
2491;
2459;
2500;
2496;
2499;
2512;
2440;
2491;
2460;
2476;
2490;
2493;
2506;
2479;
2484;
2468;
2460;
2454;
2486;
2488;
2508;
2510;
2490;
2484;
2464;
2443;
2462;
2487;
2492;
2520;
2507;
2488;
2483;
2442;
2463;
2456;
2484;
2515;
2503;
2520;
2484;
2474;
2456;
2448;
2468;
2502;
2510;
2530;
2514;
2475;
2488;
2426;
2451;
2478;
2501;
2536;
2503;
2510;
2476;
2468;
2456;
2456;
2468;
2507;
2502;
2514;
2514;
2486;
2471;
2436;
2451;
2466;
2498;
2520;
2520;
2510;
2476;
2460;
2444;
2476;
2486;
2515;
2522;
2502;
2483;
2444;
2468;
2454;
2499;
2504;
2506;
2508;
2483;
2472;
2462;
2471;
2492;
2503;
2492;
2503;
2480;
2472;
2467;
2460;
2494;
2492;
2507;
2507;
2476;
2471;
2442;
2476;
2498;
2507;
2524;
2494;
2462;
2451;
2458;
2476;
2486;
2500;
2510;
2494;
2486;
2470;
2466;
2463;
2478;
2485;
2503;
2507;
2504;
2488;
2474;
2460;
2448;
2474;
2486;
2514;
2530;
2506;
2474;
2453;
2442;
2470;
2483;
2515;
2528;
2510;
2487;
2452;
2452;
2460;
2490;
2492;
2515;
2508;
2494;
2493;
2456;
2471;
2459;
2479;
2494;
2487;
2518;
2499;
2494;
2468;
2458;
2452;
2468;
2498;
2503;
2508;
2500;
2491;
2464;
2465;
2462;
2470;
2488;
2480;
2504;
2502;
2500;
2492;
2476;
2450;
2443;
2456;
2484;
2530;
2543;
2530;
2488;
2432;
2411;
2418;
2466;
2535;
2555;
2559;
2504;
2436;
2400;
2384;
2449;
2526;
2575;
2602;
2528;
2451;
2379;
2374;
2430;
2502;
2580;
2604;
2558;
2484;
2398;
2363;
2402;
2471;
2548;
2586;
2570;
2508;
2419;
2367;
2390;
2447;
2536;
2575;
2581;
2528;
2448;
2406;
2384;
2427;
2502;
2558;
2568;
2540;
2476;
2412;
2394;
2419;
2491;
2549;
2575;
2556;
2480;
2434;
2386;
2415;
2464;
2520;
2575;
2566;
2512;
2456;
2400;
2400;
2447;
2506;
2554;
2555;
2531;
2474;
2416;
2406;
2411;
2463;
2534;
2568;
2576;
2512;
2444;
2402;
2380;
2442;
2512;
2567;
2588;
2547;
2478;
2414;
2383;
2413;
2472;
2546;
2574;
2555;
2496;
2432;
2400;
2401;
2450;
2511;
2547;
2559;
2524;
2476;
2432;
2402;
2423;
2470;
2527;
2544;
2528;
2501;
2454;
2446;
2439;
2456;
2495;
2518;
2530;
2523;
2482;
2466;
2460;
2458;
2490;
2491;
2499;
2491;
2490;
2490;
2476;
2476;
2480;
2472;
2492;
2480;
2482;
2487;
2477;
2508;
2498;
2487;
2468;
2452;
2470;
2472;
2502;
2500;
2501;
2495;
2472;
2466;
2464;
2464;
2482;
2504;
2503;
2499;
2476;
2475;
2477;
2474;
2483;
2478;
2480;
2491;
2503;
2514;
2500;
2494;
2465;
2452;
2456;
2471;
2500;
2519;
2528;
2499;
2470;
2445;
2444;
2460;
2485;
2512;
2528;
2516;
2490;
2470;
2442;
2443;
2455;
2484;
2521;
2532;
2526;
2488;
2458;
2432;
2427;
2458;
2503;
2531;
2536;
2519;
2472;
2454;
2420;
2437;
2482;
2512;
2541;
2524;
2503;
2470;
2440;
2439;
2466;
2484;
2518;
2530;
2523;
2506;
2456;
2448;
2426;
2447;
2488;
2522;
2555;
2520;
2496;
2443;
2418;
2419;
2447;
2516;
2555;
2555;
2522;
2456;
2414;
2398;
2434;
2506;
2540;
2553;
2532;
2476;
2451;
2412;
2422;
2478;
2520;
2551;
2526;
2496;
2460;
2432;
2459;
2472;
2498;
2514;
2506;
2490;
2480;
2462;
2468;
2467;
2487;
2488;
2487;
2490;
2484;
2495;
2488;
2481;
2476;
2468;
2475;
2483;
2491;
2504;
2503;
2492;
2478;
2472;
2462;
2472;
2476;
2502;
2516;
2513;
2488;
2468;
2462;
2452;
2475;
2488;
2503;
2512;
2508;
2495;
2454;
2448;
2446;
2470;
2504;
2519;
2519;
2498;
2466;
2443;
2450;
2480;
2496;
2514;
2508;
2499;
2470;
2463;
2464;
2475;
2490;
2502;
2510;
2495;
2486;
2470;
2474;
2476;
2487;
2489;
2486;
2502;
2484;
2480;
2478;
2485;
2486;
2486;
2490;
2492;
2488;
2478;
2476;
2478;
2483;
2487;
2490;
2492;
2483;
2483;
2466;
2474;
2480;
2499;
2511;
2506;
2503;
2467;
2450;
2458;
2470;
2513;
2512;
2516;
2507;
2463;
2460;
2448;
2462;
2494;
2502;
2523;
2516;
2482;
2471;
2436;
2451;
2472;
2484;
2527;
2520;
2512;
2490;
2454;
2443;
2444;
2471;
2506;
2532;
2527;
2494;
2464;
2438;
2427;
2452;
2490;
2530;
2548;
2510;
2492;
2432;
2422;
2444;
2482;
2532;
2534;
2528;
2488;
2436;
2436;
2442;
2481;
2515;
2528;
2518;
2495;
2462;
2452;
2447;
2471;
2496;
2508;
2520;
2496;
2476;
2451;
2455;
2472;
2492;
2508;
2512;
2508;
2480;
2459;
2454;
2470;
2502;
2508;
2515;
2494;
2472;
2459;
2451;
2474;
2500;
2502;
2496;
2488;
2472;
2468;
2470;
2480;
2490;
2494;
2487;
2488;
2486;
2475;
2484;
2491;
2478;
2491;
2476;
2488;
2485;
2488;
2496;
2476;
2475;
2475;
2483;
2492;
2492;
2499;
2484;
2472;
2471;
2474;
2480;
2490;
2484;
2508;
2486;
2490;
2476;
2456;
2462;
2472;
2499;
2518;
2512;
2500;
2472;
2452;
2454;
2464;
2492;
2520;
2524;
2520;
2480;
2460;
2442;
2444;
2483;
2512;
2532;
2524;
2496;
2456;
2436;
2442;
2466;
2512;
2535;
2532;
2493;
2451;
2432;
2438;
2474;
2502;
2532;
2530;
2488;
2475;
2442;
2438;
2467;
2496;
2522;
2533;
2504;
2484;
2448;
2442;
2464;
2494;
2512;
2516;
2503;
2488;
2471;
2460;
2466;
2479;
2514;
2503;
2500;
2490;
2470;
2474;
2469;
2490;
2502;
2500;
2484;
2464;
2462;
2460;
2490;
2490;
2515;
2502;
2480;
2459;
2450;
2460;
2491;
2511;
2516;
2500;
2466;
2455;
2456;
2476;
2503;
2496;
2509;
2498;
2478;
2468;
2458;
2476;
2490;
2502;
2500;
2488;
2480;
2471;
2476;
2478;
2487;
2497;
2491;
2489;
2480;
2476;
2480;
2483;
2480;
2478;
2486;
2490;
2471;
2495;
2498;
2490;
2491;
2472;
2464;
2468;
2468;
2500;
2504;
2513;
2498;
2478;
2468;
2455;
2466;
2483;
2508;
2516;
2510;
2480;
2464;
2451;
2469;
2478;
2498;
2512;
2500;
2504;
2478;
2462;
2458;
2456;
2490;
2502;
2524;
2518;
2483;
2464;
2436;
2445;
2480;
2500;
2538;
2534;
2497;
2464;
2412;
2432;
2470;
2508;
2548;
2518;
2507;
2460;
2434;
2439;
2460;
2502;
2519;
2523;
2518;
2475;
2458;
2444;
2459;
2491;
2512;
2512;
2514;
2488;
2480;
2451;
2444;
2470;
