-1;
-1;
-1;
-1;
-1;
-1;
-1;
-1;
-1;
-1;
-1;
-1;
-1;
-1;
-1;
-1;
-1;
-1;
-1;
-1;
-1;
-1;
-1;
-1;
-1;
-1;
-1;
-1;
-1;
-1;
-1;
-1;
-1;
-1;
-1;
-1;
-1;
-1;
-1;
-1;
-1;
-1;
-1;
-1;
-1;
-1;
-1;
-1;
-1;
-1;
-1;
-1;
-1;
-1;
-1;
-1;
-1;
-1;
-1;
-1;
-1;
-1;
-1;
-1;
-1;
-1;
-1;
-1;
-1;
-1;
-1;
-1;
-1;
-1;
-1;
-1;
-1;
-1;
-1;
-1;
-1;
-1;
-1;
-1;
-1;
-1;
-1;
-1;
-1;
-1;
-1;
-1;
-1;
-1;
-1;
-1;
-1;
-1;
-1;
-1;
-1;
-1;
-1;
-1;
-1;
-1;
-1;
-1;
-1;
-1;
-1;
-1;
-1;
-1;
-1;
-1;
-1;
-1;
-1;
-1;
-1;
-1;
-1;
-1;
-1;
-1;
-1;
-1;
-1;
-1;
-1;
-1;
-1;
-1;
-1;
-1;
-1;
-1;
-1;
-1;
-1;
-1;
-1;
-1;
-1;
-1;
-1;
-1;
-1;
-1;
-1;
-1;
-1;
-1;
-1;
-1;
-1;
-1;
-1;
-1;
-1;
-1;
-1;
-1;
-1;
-1;
-1;
-1;
-1;
-1;
-1;
-1;
-1;
-1;
-1;
-1;
-1;
-1;
-1;
-1;
-1;
-1;
-1;
-1;
-1;
-1;
-1;
-1;
-1;
-1;
-1;
-1;
-1;
-1;
-1;
-1;
-1;
-1;
-1;
-1;
-1;
-1;
-1;
-1;
-1;
-1;
-1;
-1;
-1;
-1;
-1;
-1;
-1;
-1;
-1;
-1;
-1;
-1;
-1;
-1;
-1;
-1;
-1;
-1;
-1;
-1;
-1;
-1;
-1;
-1;
-1;
-1;
-1;
-1;
-1;
-1;
-1;
-1;
-1;
-1;
-1;
-1;
-1;
-1;
-1;
-1;
-1;
-1;
-1;
-1;
-1;
-1;
-1;
-1;
-1;
-1;
-1;
-1;
-1;
-1;
-1;
-1;
-1;
-1;
-1;
-1;
-1;
-1;
-1;
-1;
-1;
-1;
-1;
-1;
-1;
-1;
-1;
-1;
-1;
-1;
-1;
-1;
-1;
-1;
-1;
-1;
-1;
-1;
-1;
-1;
-1;
-1;
-1;
-1;
-1;
-1;
-1;
-1;
-1;
-1;
-1;
-1;
-1;
-1;
-1;
-1;
-1;
-1;
-1;
-1;
-1;
-1;
-1;
-1;
-1;
-1;
-1;
-1;
-1;
-1;
-1;
-1;
-1;
-1;
-1;
-1;
-1;
-1;
-1;
-1;
-1;
-1;
-1;
-1;
-1;
-1;
-1;
-1;
-1;
-1;
-1;
-1;
-1;
-1;
-1;
-1;
-1;
-1;
-1;
-1;
-1;
-1;
-1;
-1;
-1;
-1;
-1;
-1;
-1;
-1;
-1;
-1;
-1;
-1;
-1;
-1;
-1;
-1;
-1;
-1;
-1;
-1;
-1;
-1;
-1;
-1;
-1;
-1;
-1;
-1;
-1;
-1;
-1;
-1;
-1;
-1;
-1;
-1;
-1;
-1;
-1;
-1;
-1;
-1;
-1;
-1;
-1;
-1;
-1;
-1;
-1;
-1;
-1;
-1;
-1;
-1;
-1;
-1;
-1;
-1;
-1;
-1;
-1;
-1;
-1;
-1;
-1;
-1;
-1;
-1;
-1;
-1;
-1;
-1;
-1;
-1;
-1;
-1;
-1;
-1;
-1;
-1;
-1;
-1;
-1;
-1;
-1;
-1;
-1;
-1;
-1;
-1;
-1;
-1;
-1;
-1;
-1;
-1;
-1;
-1;
-1;
-1;
-1;
-1;
-1;
-1;
-1;
-1;
-1;
-1;
-1;
-1;
-1;
-1;
-1;
-1;
-1;
-1;
-1;
-1;
-1;
-1;
-1;
-1;
-1;
-1;
-1;
-1;
-1;
-1;
-1;
-1;
-1;
-1;
-1;
-1;
-1;
-1;
-1;
-1;
-1;
-1;
-1;
-1;
-1;
-1;
-1;
-1;
-1;
-1;
-1;
-1;
-1;
-1;
-1;
-1;
-1;
-1;
-1;
-1;
-1;
-1;
-1;
-1;
-1;
-1;
-1;
-1;
-1;
-1;
-1;
-1;
-1;
-1;
-1;
-1;
-1;
-1;
-1;
-1;
-1;
-1;
-1;
-1;
-1;
-1;
-1;
-1;
-1;
-1;
-1;
-1;
-1;
-1;
-1;
-1;
-1;
-1;
-1;
-1;
-1;
-1;
-1;
-1;
-1;
-1;
-1;
-1;
-1;
-1;
-1;
-1;
-1;
-1;
-1;
-1;
-1;
-1;
-1;
-1;
-1;
-1;
-1;
-1;
-1;
-1;
-1;
-1;
-1;
-1;
-1;
-1;
-1;
-1;
-1;
-1;
-1;
-1;
-1;
-1;
-1;
-1;
-1;
-1;
-1;
-1;
-1;
-1;
-1;
-1;
-1;
-1;
-1;
-1;
-1;
-1;
-1;
-1;
-1;
-1;
-1;
-1;
-1;
-1;
-1;
-1;
-1;
-1;
-1;
-1;
-1;
-1;
-1;
-1;
-1;
-1;
-1;
-1;
-1;
-1;
-1;
-1;
-1;
-1;
-1;
-1;
-1;
-1;
-1;
-1;
-1;
-1;
-1;
-1;
-1;
-1;
-1;
-1;
-1;
-1;
-1;
-1;
-1;
-1;
-1;
-1;
-1;
-1;
-1;
-1;
-1;
-1;
-1;
-1;
-1;
-1;
-1;
-1;
-1;
-1;
-1;
-1;
-1;
-1;
-1;
-1;
-1;
-1;
-1;
-1;
-1;
-1;
-1;
-1;
-1;
-1;
-1;
-1;
-1;
-1;
-1;
-1;
-1;
-1;
-1;
-1;
-1;
-1;
-1;
-1;
-1;
-1;
-1;
-1;
-1;
-1;
-1;
-1;
-1;
-1;
-1;
-1;
-1;
-1;
-1;
-1;
-1;
-1;
-1;
-1;
-1;
-1;
-1;
-1;
-1;
-1;
-1;
-1;
-1;
-1;
-1;
-1;
-1;
-1;
-1;
-1;
-1;
-1;
-1;
-1;
-1;
-1;
-1;
-1;
-1;
-1;
-1;
-1;
-1;
-1;
-1;
-1;
-1;
-1;
-1;
-1;
-1;
-1;
-1;
-1;
-1;
-1;
-1;
-1;
-1;
-1;
-1;
-1;
-1;
-1;
-1;
-1;
-1;
-1;
-1;
-1;
-1;
-1;
-1;
-1;
-1;
-1;
-1;
-1;
-1;
-1;
-1;
-1;
-1;
-1;
-1;
-1;
-1;
-1;
-1;
-1;
-1;
-1;
-1;
-1;
-1;
-1;
-1;
-1;
-1;
-1;
-1;
-1;
-1;
-1;
-1;
-1;
-1;
-1;
-1;
-1;
-1;
-1;
-1;
-1;
-1;
-1;
-1;
-1;
-1;
-1;
-1;
-1;
-1;
-1;
-1;
-1;
-1;
-1;
-1;
-1;
-1;
-1;
-1;
-1;
-1;
-1;
-1;
-1;
-1;
-1;
-1;
-1;
-1;
-1;
-1;
-1;
-1;
-1;
-1;
-1;
-1;
-1;
-1;
-1;
-1;
-1;
-1;
-1;
-1;
-1;
-1;
-1;
-1;
-1;
-1;
-1;
-1;
-1;
-1;
-1;
-1;
-1;
-1;
-1;
-1;
-1;
-1;
-1;
-1;
-1;
-1;
-1;
-1;
-1;
-1;
-1;
-1;
-1;
-1;
-1;
-1;
-1;
-1;
-1;
-1;
-1;
-1;
-1;
-1;
-1;
-1;
-1;
-1;
-1;
-1;
-1;
-1;
-1;
-1;
-1;
-1;
-1;
-1;
-1;
-1;
-1;
-1;
-1;
-1;
-1;
-1;
-1;
-1;
-1;
-1;
-1;
-1;
-1;
-1;
-1;
-1;
-1;
-1;
-1;
-1;
-1;
-1;
-1;
-1;
-1;
-1;
-1;
-1;
-1;
-1;
-1;
-1;
-1;
-1;
-1;
-1;
-1;
-1;
-1;
-1;
-1;
-1;
-1;
-1;
-1;
-1;
-1;
-1;
-1;
-1;
-1;
-1;
-1;
-1;
-1;
-1;
-1;
-1;
-1;
-1;
-1;
-1;
-1;
-1;
-1;
-1;
-1;
-1;
-1;
-1;
-1;
-1;
-1;
-1;
-1;
-1;
-1;
-1;
-1;
-1;
-1;
-1;
-1;
-1;
-1;
-1;
-1;
-1;
-1;
-1;
-1;
-1;
-1;
-1;
-1;
-1;
-1;
-1;
-1;
-1;
-1;
-1;
-1;
-1;
-1;
-1;
-1;
-1;
-1;
-1;
-1;
-1;
-1;
-1;
-1;
-1;
-1;
-1;
-1;
-1;
-1;
-1;
-1;
-1;
-1;
-1;
-1;
-1;
-1;
-1;
-1;
-1;
-1;
-1;
-1;
-1;
-1;
-1;
-1;
-1;
-1;
-1;
-1;
-1;
-1;
-1;
-1;
-1;
-1;
-1;
-1;
-1;
-1;
-1;
-1;
-1;
-1;
-1;
-1;
-1;
-1;
-1;
-1;
-1;
-1;
-1;
-1;
-1;
-1;
-1;
-1;
-1;
-1;
-1;
-1;
-1;
-1;
-1;
-1;
-1;
-1;
-1;
-1;
-1;
-1;
-1;
-1;
-1;
-1;
-1;
-1;
-1;
-1;
-1;
-1;
-1;
-1;
-1;
-1;
-1;
-1;
-1;
-1;
-1;
-1;
-1;
-1;
-1;
-1;
-1;
-1;
-1;
-1;
-1;
-1;
-1;
-1;
-1;
-1;
-1;
-1;
-1;
-1;
-1;
-1;
-1;
-1;
-1;
-1;
-1;
-1;
-1;
-1;
-1;
-1;
-1;
-1;
-1;
-1;
-1;
-1;
-1;
-1;
-1;
-1;
-1;
-1;
-1;
-1;
-1;
-1;
-1;
-1;
-1;
-1;
-1;
-1;
-1;
-1;
-1;
-1;
-1;
-1;
-1;
-1;
-1;
-1;
-1;
-1;
-1;
-1;
-1;
-1;
-1;
-1;
-1;
-1;
-1;
-1;
-1;
-1;
-1;
-1;
-1;
-1;
-1;
-1;
-1;
-1;
-1;
-1;
-1;
-1;
-1;
-1;
-1;
-1;
-1;
0;
1056;
802;
783;
1327;
1462;
1707;
1711;
1638;
1789;
1650;
1735;
1781;
1895;
2039;
1872;
2023;
1940;
1927;
1947;
1794;
2123;
2053;
2211;
2224;
2061;
2285;
1938;
2092;
2127;
2207;
2447;
2200;
2407;
2230;
2175;
2216;
2111;
2423;
2330;
2429;
2402;
2292;
2428;
2192;
2324;
2336;
2364;
2502;
2328;
2534;
2427;
2341;
2374;
2230;
2495;
2384;
2479;
2532;
2419;
2554;
2264;
2387;
2388;
2408;
2556;
2386;
2623;
2472;
2412;
2423;
2298;
2527;
2400;
2507;
2556;
2476;
2559;
2328;
2431;
2428;
2416;
2534;
2428;
2605;
2480;
2428;
2445;
2367;
2554;
2418;
2527;
2548;
2466;
2535;
2332;
2487;
2470;
2474;
2570;
2438;
2600;
2422;
2416;
2466;
2424;
2591;
2434;
2537;
2523;
2432;
2501;
2346;
2523;
2486;
2479;
2567;
2456;
2584;
2402;
2406;
2457;
2427;
2582;
2456;
2581;
2528;
2411;
2466;
2356;
2555;
2506;
2514;
2556;
2416;
2521;
2380;
2456;
2531;
2477;
2579;
2392;
2515;
2496;
2452;
2546;
2410;
2550;
2420;
2427;
2531;
2462;
2613;
2440;
2482;
2468;
2376;
2511;
2402;
2585;
2559;
2476;
2529;
2364;
2490;
2384;
2436;
2574;
2514;
2634;
2456;
2459;
2434;
2339;
2478;
2446;
2635;
2620;
2500;
2502;
2314;
2430;
2380;
2488;
2635;
2544;
2598;
2410;
2431;
2419;
2376;
2519;
2464;
2599;
2544;
2482;
2520;
2386;
2467;
2367;
2455;
2559;
2526;
2618;
2474;
2476;
2398;
2320;
2479;
2476;
2642;
2581;
2490;
2494;
2336;
2442;
2403;
2511;
2606;
2516;
2572;
2412;
2454;
2435;
2398;
2527;
2476;
2590;
2512;
2484;
2516;
2392;
2462;
2392;
2495;
2559;
2496;
2580;
2457;
2480;
2418;
2380;
2503;
2472;
2582;
2524;
2509;
2519;
2384;
2439;
2367;
2479;
2557;
2528;
2606;
2470;
2484;
2384;
2358;
2491;
2480;
2620;
2544;
2522;
2494;
2344;
2426;
2388;
2534;
2568;
2512;
2576;
2448;
2476;
2404;
2404;
2512;
2450;
2572;
2532;
2528;
2526;
2380;
2435;
2374;
2483;
2555;
2522;
2618;
2484;
2468;
2367;
2354;
2490;
2480;
2607;
2559;
2531;
2483;
2348;
2428;
2408;
2512;
2558;
2526;
2586;
2464;
2459;
2384;
2406;
2511;
2480;
2579;
2528;
2514;
2476;
2386;
2462;
2432;
2516;
2510;
2506;
2555;
2448;
2487;
2412;
2436;
2504;
2445;
2559;
2500;
2523;
2494;
2402;
2459;
2408;
2498;
2520;
2515;
2575;
2467;
2482;
2418;
2438;
2511;
2460;
2543;
2492;
2516;
2488;
2435;
2503;
2438;
2495;
2480;
2468;
2540;
2476;
2530;
2474;
2466;
2474;
2408;
2492;
2476;
2539;
2526;
2468;
2519;
2419;
2451;
2448;
2468;
2539;
2480;
2543;
2486;
2474;
2458;
2414;
2490;
2478;
2527;
2512;
2483;
2523;
2428;
2472;
2450;
2474;
2527;
2474;
2543;
2476;
2486;
2480;
2427;
2510;
2460;
2501;
2512;
2502;
2535;
2448;
2466;
2444;
2459;
2523;
2488;
2542;
2480;
2464;
2466;
2430;
2507;
2479;
2508;
2500;
2467;
2498;
2434;
2494;
2480;
2484;
2508;
2448;
2498;
2460;
2494;
2506;
2472;
2519;
2456;
2483;
2483;
2480;
2507;
2458;
2502;
2486;
2503;
2504;
2456;
2503;
2459;
2486;
2491;
2484;
2522;
2459;
2479;
2463;
2472;
2514;
2472;
2526;
2468;
2456;
2454;
2442;
2536;
2502;
2523;
2494;
2446;
2464;
2424;
2487;
2509;
2526;
2531;
2454;
2476;
2432;
2459;
2492;
2488;
2546;
2482;
2488;
2472;
2444;
2489;
2456;
2519;
2502;
2500;
2500;
2428;
2474;
2454;
2494;
2512;
2505;
2526;
2456;
2468;
2458;
2463;
2512;
2484;
2524;
2482;
2480;
2476;
2435;
2499;
2472;
2503;
2502;
2471;
2506;
2450;
2482;
2467;
2464;
2503;
2488;
2524;
2486;
2474;
2458;
2438;
2495;
2490;
2528;
2510;
2484;
2474;
2423;
2471;
2488;
2516;
2524;
2474;
2492;
2435;
2450;
2471;
2496;
2551;
2492;
2494;
2470;
2444;
2478;
2462;
2520;
2516;
2510;
2497;
2442;
2468;
2442;
2484;
2518;
2512;
2523;
2466;
2456;
2440;
2450;
2499;
2488;
2534;
2500;
2487;
2460;
2427;
2471;
2468;
2516;
2526;
2504;
2510;
2434;
2448;
2439;
2464;
2516;
2516;
2559;
2508;
2480;
2432;
2402;
2446;
2474;
2544;
2576;
2547;
2507;
2404;
2400;
2395;
2462;
2558;
2567;
2594;
2499;
2432;
2395;
2367;
2467;
2504;
2576;
2570;
2520;
2483;
2402;
2416;
2416;
2476;
2540;
2538;
2559;
2478;
2458;
2428;
2414;
2469;
2488;
2538;
2531;
2522;
2496;
2420;
2446;
2435;
2468;
2516;
2513;
2548;
2496;
2476;
2446;
2439;
2474;
2474;
2537;
2524;
2500;
2484;
2436;
2475;
2464;
2488;
2498;
2480;
2507;
2471;
2496;
2519;
2476;
2482;
2400;
2451;
2466;
2516;
2553;
2542;
2552;
2424;
2438;
2352;
2412;
2450;
2551;
2652;
2640;
2593;
2402;
2296;
2200;
2311;
2494;
2717;
2866;
2788;
2534;
2202;
2048;
2071;
2396;
2701;
3022;
2940;
2648;
2304;
1936;
2007;
2194;
2623;
2967;
3034;
2840;
2416;
2096;
1880;
2091;
2411;
2823;
3062;
2936;
2682;
2176;
1920;
1967;
2255;
2683;
3003;
3020;
2802;
2288;
1968;
1976;
2147;
2636;
2914;
3030;
2800;
2344;
2118;
1944;
2219;
2563;
2835;
2962;
2738;
2432;
2144;
2078;
2271;
2599;
2807;
2806;
2632;
2240;
2210;
2217;
2495;
2811;
2720;
2711;
2258;
2088;
2175;
2375;
2797;
3027;
2800;
2536;
2040;
1848;
2173;
2383;
3013;
3095;
2924;
2584;
1968;
1862;
1925;
2359;
2845;
3175;
3074;
2784;
2176;
1808;
1847;
2003;
2671;
3062;
3305;
3024;
2368;
1944;
1584;
1917;
2419;
3045;
3354;
3156;
2618;
1968;
1648;
1767;
2327;
2878;
3279;
3172;
2736;
2144;
1784;
1833;
2167;
2727;
3023;
3159;
2784;
2352;
2018;
1855;
2183;
2487;
2910;
2992;
2832;
2528;
2112;
2060;
2119;
2471;
2723;
2865;
2802;
2512;
2296;
2164;
2236;
2455;
2622;
2698;
2687;
2504;
2428;
2300;
2332;
2471;
2491;
2663;
2576;
2538;
2427;
2328;
2411;
2436;
2596;
2620;
2602;
2464;
2358;
2320;
2358;
2540;
2637;
2704;
2592;
2432;
2300;
2244;
2350;
2518;
2662;
2724;
2674;
2496;
2342;
2208;
2230;
2396;
2572;
2774;
2786;
2680;
2436;
2216;
2111;
2223;
2479;
2729;
2892;
2778;
2572;
2248;
2102;
2166;
2359;
2675;
2798;
2804;
2600;
2352;
2226;
2192;
2379;
2527;
2679;
2724;
2604;
2486;
2322;
2293;
2359;
2451;
2603;
2642;
2611;
2522;
2362;
2351;
2346;
2446;
2571;
2592;
2615;
2482;
2443;
2384;
2391;
2476;
2475;
2556;
2516;
2546;
2526;
2467;
2463;
2367;
2408;
2454;
2543;
2614;
2559;
2534;
2424;
2352;
2398;
2448;
2539;
2559;
2550;
2508;
2436;
2448;
2464;
2491;
2523;
2468;
2460;
2411;
2459;
2514;
2556;
2596;
2520;
2484;
2344;
2334;
2364;
2445;
2615;
2658;
2687;
2544;
2408;
2276;
2223;
2341;
2473;
2663;
2764;
2732;
2606;
2367;
2192;
2148;
2238;
2495;
2719;
2891;
2838;
2608;
2328;
2032;
2019;
2186;
2519;
2911;
3073;
3014;
2568;
2096;
1779;
1779;
2243;
2787;
3274;
3296;
2872;
2240;
1680;
1590;
1951;
2588;
3191;
3434;
3152;
2512;
1848;
1489;
1719;
2279;
2959;
3455;
3368;
2848;
2104;
1536;
1536;
1975;
2668;
3331;
3495;
3176;
2416;
1720;
1440;
1655;
2343;
3087;
3558;
3440;
2784;
1984;
1392;
1467;
2007;
2863;
3494;
3611;
3120;
2184;
1520;
1289;
1795;
2598;
3343;
3695;
3272;
2440;
1680;
1312;
1671;
2407;
3131;
3573;
3288;
2656;
1920;
1512;
1723;
2245;
2879;
3268;
3240;
2808;
2226;
1824;
1764;
2127;
2551;
3023;
3178;
2936;
2528;
2000;
1819;
1963;
2363;
2852;
3135;
3074;
2680;
2160;
1850;
1883;
2227;
2709;
3086;
3134;
2784;
2312;
1936;
1867;
2135;
2555;
2950;
3040;
2896;
2480;
2120;
1968;
2043;
2381;
2666;
2926;
2908;
2706;
2440;
2128;
2070;
2162;
2402;
2711;
2871;
2890;
2658;
2352;
2106;
2062;
2259;
2524;
2799;
2902;
2756;
2498;
2212;
2118;
2175;
2388;
2663;
2791;
2799;
2616;
2392;
2232;
2170;
2302;
2463;
2670;
2749;
2712;
2568;
2352;
2251;
2210;
2355;
2547;
2666;
2734;
2630;
2482;
2352;
2270;
2323;
2390;
2524;
2634;
2656;
2634;
2528;
2420;
2303;
2276;
2355;
2478;
2636;
2695;
2704;
2558;
2356;
2278;
2232;
2381;
2543;
2670;
2746;
2620;
2514;
2328;
2238;
2298;
2386;
2581;
2700;
2722;
2635;
2432;
2290;
2209;
2291;
2479;
2660;
2759;
2696;
2540;
2316;
2216;
2243;
2399;
2623;
2719;
2740;
2586;
2384;
2268;
2219;
2355;
2527;
2679;
2743;
2656;
2496;
2288;
2200;
2268;
2438;
2663;
2770;
2746;
2556;
2303;
2175;
2191;
2395;
2620;
2794;
2784;
2578;
2362;
2174;
2193;
2367;
2582;
2764;
2747;
2642;
2412;
2250;
2218;
2290;
2490;
2657;
2747;
2714;
2528;
2366;
2216;
2227;
2367;
2539;
2731;
2772;
2674;
2464;
2250;
2180;
2242;
2459;
2659;
2786;
2758;
2578;
2366;
2192;
2187;
2330;
2535;
2743;
2804;
2720;
2500;
2256;
2161;
2204;
2415;
2650;
2791;
2778;
2612;
2392;
2212;
2190;
2311;
2503;
2700;
2746;
2687;
2532;
2354;
2248;
2241;
2361;
2519;
2666;
2740;
2683;
2529;
2326;
2226;
2236;
2367;
2587;
2719;
2760;
2632;
2434;
2278;
2220;
2339;
2491;
2652;
2726;
2656;
2508;
2339;
2303;
2322;
2438;
2571;
2632;
2646;
2559;
2459;
2367;
2320;
2388;
2467;
2575;
2640;
2596;
2520;
2412;
2352;
2367;
2427;
2539;
2594;
2592;
2540;
2426;
2388;
2375;
2439;
2536;
2572;
2572;
2502;
2438;
2392;
2428;
2491;
2548;
2568;
2510;
2452;
2356;
2407;
2482;
2571;
2651;
2554;
2454;
2342;
2303;
2398;
2531;
2651;
2674;
2578;
2432;
2296;
2282;
2382;
2515;
2655;
2671;
2602;
2472;
2338;
2292;
2333;
2470;
2568;
2671;
2652;
2552;
2432;
2302;
2303;
2347;
2518;
2660;
2687;
2638;
2448;
2320;
2258;
2326;
2507;
2648;
2711;
2643;
2476;
2348;
2288;
2331;
2479;
2595;
2676;
2612;
2512;
2410;
2331;
2362;
2417;
2530;
2602;
2622;
2559;
2458;
2390;
2330;
2396;
2467;
2566;
2623;
2592;
2520;
2410;
2358;
2352;
2423;
2519;
2600;
2623;
2547;
2472;
2378;
2348;
2386;
2463;
2559;
2615;
2594;
2520;
2405;
2355;
2366;
2428;
2550;
2594;
2587;
2506;
2432;
2406;
2408;
2471;
2499;
2526;
2506;
2488;
2498;
2486;
2512;
2468;
2448;
2430;
2427;
2494;
2548;
2572;
2547;
2464;
2408;
2365;
2415;
2491;
2552;
2578;
2534;
2491;
2434;
2418;
2451;
2450;
2492;
2507;
2496;
2535;
2520;
2531;
2474;
2408;
2379;
2382;
2481;
2572;
2636;
2619;
2514;
2378;
2302;
2323;
2439;
2582;
2679;
2668;
2556;
2395;
2281;
2278;
2378;
2559;
2699;
2720;
2602;
2400;
2266;
2244;
2365;
2551;
2683;
2711;
2598;
2432;
2292;
2268;
2355;
2503;
2632;
2674;
2630;
2512;
2390;
2296;
2291;
2376;
2518;
2662;
2724;
2666;
2502;
2306;
2204;
2224;
2407;
2644;
2796;
2802;
2612;
2344;
2136;
2107;
2317;
2598;
2838;
2875;
2676;
2388;
2148;
2111;
2277;
2516;
2749;
2809;
2706;
2504;
2280;
2198;
2242;
2414;
2606;
2739;
2736;
2618;
2432;
2272;
2220;
2285;
2468;
2642;
2735;
2726;
2558;
2367;
2226;
2215;
2349;
2535;
2716;
2776;
2680;
2480;
2248;
2168;
2252;
2459;
2703;
2804;
2740;
2528;
2280;
2184;
2238;
2444;
2652;
2759;
2720;
2544;
2332;
2236;
2287;
2443;
2623;
2708;
2648;
2500;
2354;
2316;
2367;
2487;
2605;
2614;
2546;
2440;
2367;
2395;
2458;
2546;
2587;
2548;
2461;
2390;
2386;
2446;
2531;
2574;
2570;
2519;
2434;
2392;
2387;
2443;
2531;
2579;
2596;
2532;
2438;
2376;
2350;
2423;
2510;
2591;
2618;
2578;
2502;
2392;
2352;
2364;
2439;
2571;
2623;
2623;
2550;
2418;
2327;
2326;
2398;
2531;
2643;
2662;
2604;
2448;
2308;
2286;
2350;
2532;
2655;
2687;
2608;
2432;
2310;
2266;
2359;
2535;
2654;
2682;
2590;
2424;
2315;
2299;
2397;
2540;
2622;
2644;
2524;
2434;
2366;
2367;
2449;
2520;
2582;
2576;
2515;
2452;
2412;
2406;
2457;
2515;
2540;
2548;
2504;
2466;
2440;
2427;
2454;
2490;
2531;
2550;
2517;
2481;
2448;
2424;
2439;
2467;
2515;
2551;
2543;
2526;
2456;
2426;
2398;
2413;
2482;
2551;
2590;
2568;
2496;
2412;
2367;
2382;
2448;
2552;
2600;
2603;
2512;
2416;
2354;
2363;
2452;
2549;
2610;
2588;
2526;
2424;
2380;
2386;
2452;
2527;
2568;
2571;
2523;
2456;
2422;
2412;
2444;
2502;
2527;
2542;
2532;
2486;
2476;
2428;
2424;
2455;
2484;
2555;
2544;
2522;
2478;
2416;
2416;
2427;
2466;
2534;
2542;
2540;
2492;
2440;
2428;
2432;
2459;
2520;
2529;
2531;
2498;
2464;
2445;
2448;
2454;
2490;
2512;
2517;
2512;
2470;
2460;
2461;
2460;
2504;
2514;
2506;
2492;
2464;
2459;
2470;
2480;
2502;
2506;
2496;
2499;
2464;
2458;
2467;
2476;
2500;
2506;
2504;
2503;
2482;
2472;
2456;
2454;
2478;
2502;
2528;
2534;
2502;
2474;
2443;
2424;
2448;
2489;
2534;
2547;
2528;
2472;
2445;
2418;
2440;
2483;
2516;
2539;
2516;
2502;
2464;
2435;
2451;
2450;
2492;
2519;
2528;
2532;
2482;
2454;
2438;
2434;
2479;
2498;
2531;
2531;
2508;
2482;
2438;
2434;
2459;
2483;
2530;
2532;
2523;
2492;
2462;
2448;
2430;
2449;
2490;
2526;
2548;
2534;
2486;
2456;
2418;
2420;
2451;
2494;
2547;
2559;
2536;
2491;
2422;
2407;
2407;
2459;
2528;
2566;
2568;
2518;
2456;
2412;
2388;
2420;
2487;
2555;
2579;
2559;
2492;
2410;
2367;
2390;
2462;
2551;
2587;
2588;
2516;
2418;
2374;
2374;
2446;
2528;
2588;
2598;
2532;
2452;
2390;
2375;
2420;
2487;
2555;
2596;
2572;
2502;
2416;
2367;
2382;
2456;
2534;
2588;
2586;
2523;
2452;
2381;
2380;
2434;
2508;
2558;
2570;
2538;
2472;
2420;
2413;
2430;
2476;
2523;
2539;
2524;
2490;
2454;
2441;
2444;
2478;
2504;
2514;
2504;
2478;
2468;
2474;
2486;
2495;
2488;
2480;
2460;
2455;
2468;
2496;
2516;
2517;
2495;
2464;
2441;
2440;
2475;
2508;
2540;
2532;
2488;
2448;
2433;
2442;
2476;
2512;
2542;
2534;
2514;
2464;
2432;
2418;
2427;
2479;
2526;
2559;
2566;
2522;
2452;
2378;
2366;
2423;
2515;
2592;
2608;
2556;
2450;
2366;
2348;
2404;
2510;
2582;
2615;
2558;
2451;
2393;
2353;
2419;
2492;
2555;
2582;
2528;
2483;
2434;
2411;
2445;
2472;
2520;
2532;
2523;
2500;
2458;
2435;
2450;
2464;
2508;
2531;
2539;
2513;
2456;
2422;
2396;
2438;
2512;
2568;
2599;
2538;
2445;
2367;
2348;
2412;
2511;
2604;
2640;
2580;
2452;
2346;
2315;
2383;
2500;
2623;
2674;
2576;
2440;
2326;
2303;
2403;
2535;
2639;
2634;
2538;
2411;
2342;
2360;
2451;
2554;
2584;
2574;
2508;
2436;
2422;
2424;
2464;
2503;
2508;
2508;
2504;
2511;
2506;
2468;
2442;
2413;
2430;
2494;
2544;
2586;
2558;
2492;
2416;
2356;
2391;
2455;
2547;
2614;
2580;
2528;
2434;
2384;
2384;
2418;
2489;
2550;
2559;
2571;
2524;
2464;
2414;
2366;
2400;
2461;
2540;
2599;
2590;
2536;
2454;
2367;
2352;
2401;
2483;
2591;
2623;
2598;
2504;
2385;
2326;
2346;
2455;
2580;
2659;
2623;
2512;
2373;
2303;
2327;
2462;
2622;
2687;
2642;
2488;
2329;
2272;
2328;
2483;
2647;
2710;
2656;
2486;
2310;
2253;
2312;
2470;
2645;
2715;
2674;
2514;
2356;
2248;
2272;
2415;
2610;
2727;
2706;
2579;
2367;
2252;
2258;
2383;
2583;
2710;
2708;
2580;
2400;
2288;
2265;
2367;
2533;
2643;
2676;
2606;
2488;
2362;
2292;
2327;
2431;
2567;
2682;
2676;
2576;
2404;
2280;
2244;
2342;
2535;
2685;
2743;
2652;
2464;
2267;
2202;
2303;
2478;
2666;
2740;
2680;
2514;
2332;
2252;
2274;
2404;
2567;
2687;
2695;
2601;
2442;
2312;
2266;
2335;
2470;
2623;
2700;
2658;
2528;
2372;
2296;
2320;
2411;
2559;
2637;
2636;
2558;
2446;
2390;
2355;
2399;
2475;
2540;
2582;
2587;
2538;
2468;
2405;
2380;
2416;
2478;
2556;
2584;
2558;
2482;
2420;
2394;
2424;
2487;
2535;
2524;
2498;
2468;
2451;
2472;
2492;
2503;
2498;
2478;
2467;
2464;
2468;
2487;
2488;
2506;
2506;
2489;
2480;
2454;
2442;
2452;
2482;
2536;
2559;
2532;
2470;
2390;
2367;
2423;
2498;
2586;
2600;
2536;
2450;
2372;
2366;
2435;
2522;
2587;
2576;
2532;
2456;
2404;
2423;
2452;
2494;
2523;
2520;
2538;
2504;
2495;
2454;
2414;
2414;
2455;
2522;
2579;
2576;
2522;
2444;
2394;
2379;
2448;
2519;
2566;
2579;
2528;
2460;
2416;
2411;
2444;
2483;
2530;
2548;
2544;
2510;
2456;
2426;
2403;
2420;
2499;
2548;
2568;
2542;
2470;
2417;
2392;
2431;
2494;
2552;
2551;
2515;
2464;
2428;
2435;
2462;
2506;
2510;
2507;
2508;
2488;
2480;
2468;
2452;
2462;
2466;
2495;
2526;
2512;
2499;
2472;
2452;
2452;
2462;
2499;
2520;
2514;
2494;
2466;
2460;
2464;
2466;
2484;
2499;
2503;
2504;
2506;
2495;
2476;
2451;
2458;
2465;
2499;
2526;
2520;
2490;
2452;
2448;
2464;
2490;
2514;
2512;
2480;
2470;
2462;
2482;
2500;
2506;
2492;
2452;
2443;
2470;
2500;
2528;
2520;
2470;
2439;
2434;
2462;
2507;
2532;
2526;
2486;
2444;
2436;
2452;
2499;
2528;
2518;
2500;
2458;
2448;
2462;
2482;
2515;
2504;
2496;
2484;
2461;
2467;
2459;
2484;
2510;
2514;
2518;
2482;
2462;
2448;
2464;
2498;
2514;
2520;
2508;
2478;
2450;
2452;
2476;
2507;
2527;
2512;
2483;
2456;
2450;
2468;
2491;
2501;
2502;
2478;
2478;
2486;
2486;
2482;
2468;
2472;
2478;
2496;
2518;
2514;
2504;
2459;
2432;
2436;
2460;
2520;
2547;
2546;
2494;
2442;
2423;
2416;
2463;
2515;
2552;
2547;
2510;
2464;
2412;
2406;
2435;
2480;
2550;
2559;
2542;
2496;
2424;
2390;
2400;
2468;
2539;
2575;
2559;
2492;
2440;
2396;
2404;
2463;
2528;
2558;
2546;
2506;
2444;
2418;
2423;
2458;
2512;
2523;
2535;
2514;
2472;
2430;
2414;
2443;
2496;
2535;
2550;
2516;
2470;
2422;
2415;
2439;
2495;
2545;
2551;
2524;
2464;
2427;
2418;
2447;
2508;
2532;
2534;
2518;
2480;
2448;
2420;
2437;
2483;
2511;
2543;
2526;
2504;
2456;
2422;
2418;
2452;
2510;
2544;
2543;
2514;
2470;
2436;
2418;
2440;
2499;
2528;
2542;
2522;
2498;
2454;
2430;
2427;
2455;
2500;
2519;
2532;
2519;
2480;
2444;
2439;
2442;
2479;
2523;
2538;
2527;
2502;
2458;
2438;
2440;
2466;
2506;
2522;
2530;
2518;
2478;
2455;
2427;
2440;
2468;
2506;
2542;
2556;
2523;
2464;
2414;
2408;
2436;
2495;
2551;
2566;
2532;
2467;
2418;
2396;
2430;
2478;
2530;
2552;
2542;
2506;
2450;
2432;
2422;
2429;
2484;
2528;
2559;
2548;
2491;
2442;
2404;
2416;
2470;
2520;
2559;
2546;
2506;
2446;
2426;
2423;
2470;
2510;
2523;
2518;
2508;
2484;
2472;
2452;
2456;
2471;
2487;
2516;
2530;
2522;
2480;
2444;
2440;
2450;
2488;
2526;
2546;
2522;
2476;
2443;
2426;
2440;
2496;
2531;
2534;
2512;
2460;
2439;
2438;
2456;
2502;
2510;
2530;
2520;
2476;
2455;
2440;
2448;
2494;
2516;
2540;
2528;
2475;
2446;
2432;
2455;
2510;
2520;
2537;
2514;
2470;
2450;
2444;
2468;
2491;
2508;
2502;
2496;
2488;
2495;
2492;
2478;
2459;
2449;
2468;
2503;
2542;
2542;
2494;
2452;
2406;
2412;
2463;
2542;
2571;
2547;
2482;
2428;
2408;
2414;
2482;
2516;
2547;
2536;
2510;
2465;
2420;
2394;
2418;
2460;
2536;
2607;
2587;
2532;
2411;
2352;
2329;
2406;
2551;
2638;
2679;
2569;
2440;
2320;
2279;
2367;
2507;
2623;
2684;
2616;
2496;
2367;
2280;
2315;
2418;
2580;
2676;
2674;
2588;
2427;
2314;
2272;
2365;
2501;
2623;
2700;
2608;
2488;
2367;
2312;
2367;
2446;
2559;
2606;
2584;
2540;
2459;
2400;
2400;
2398;
2476;
2523;
2571;
2586;
2516;
2482;
2396;
2378;
2430;
2476;
2548;
2552;
2534;
2500;
2444;
2443;
2474;
2452;
2491;
2466;
2462;
2519;
2520;
2551;
2548;
2442;
2413;
2367;
2398;
2527;
2559;
2612;
2586;
2466;
2408;
2345;
2352;
2483;
2512;
2610;
2623;
2544;
2507;
2366;
2345;
2359;
2422;
2542;
2644;
2663;
2582;
2450;
2322;
2300;
2323;
2492;
2612;
2684;
2652;
2512;
2386;
2283;
2303;
2367;
2541;
2652;
2687;
2632;
2470;
2346;
2240;
2294;
2439;
2606;
2711;
2726;
2571;
2416;
2254;
2212;
2343;
2475;
2703;
2752;
2704;
2556;
2303;
2188;
2210;
2366;
2591;
2764;
2788;
2704;
2424;
2240;
2154;
2233;
2471;
2682;
2827;
2768;
2570;
2312;
2194;
2174;
2347;
2591;
2730;
2810;
2642;
2464;
2282;
2194;
2292;
2423;
2635;
2728;
2739;
2588;
2420;
2258;
2196;
2338;
2494;
2685;
2728;
2684;
2498;
2312;
2252;
2276;
2447;
2591;
2707;
2683;
2544;
2424;
2296;
2287;
2367;
2524;
2617;
2675;
2616;
2483;
2358;
2256;
2352;
2460;
2583;
2678;
2606;
2534;
2400;
2308;
2350;
2449;
2528;
2615;
2588;
2546;
2450;
2396;
2423;
2419;
2484;
2496;
2555;
2506;
2508;
2476;
2432;
2480;
2448;
2502;
2452;
2512;
2472;
2490;
2508;
2480;
2542;
2444;
2486;
2432;
2436;
2484;
2487;
2575;
2542;
2519;
2456;
2423;
2406;
2436;
2498;
2538;
2559;
2523;
2523;
2436;
2427;
2423;
2412;
2503;
2484;
2591;
2566;
2508;
2482;
2366;
2395;
2406;
2494;
2598;
2579;
2570;
2458;
2392;
2379;
2412;
2513;
2555;
2584;
2518;
2470;
2423;
2414;
2485;
2455;
2530;
2490;
2502;
2514;
2464;
2530;
2432;
2467;
2436;
2438;
2531;
2510;
2591;
2530;
2468;
2434;
2367;
2422;
2476;
2550;
2600;
2576;
2500;
2427;
2342;
2364;
2448;
2547;
2630;
2594;
2539;
2416;
2332;
2356;
2462;
2551;
2619;
2595;
2498;
2408;
2312;
2407;
2476;
2579;
2643;
2552;
2454;
2347;
2342;
2414;
2534;
2633;
2640;
2536;
2404;
2316;
2317;
2438;
2571;
2668;
2642;
2544;
2388;
2302;
2300;
2407;
2566;
2656;
2687;
2557;
2424;
2294;
2259;
2383;
2519;
2687;
2694;
2632;
2456;
2266;
2238;
2303;
2510;
2687;
2772;
2698;
2464;
2264;
2160;
2223;
2470;
2711;
2838;
2762;
2504;
2240;
2098;
2207;
2463;
2727;
2859;
2762;
2516;
2244;
2132;
2221;
2468;
2702;
2791;
2731;
2496;
2302;
2182;
2263;
2471;
2631;
2731;
2684;
2522;
2366;
2264;
2303;
2411;
2559;
2675;
2664;
2584;
2432;
2303;
2284;
2356;
2502;
2642;
2698;
2623;
2498;
2352;
2272;
2312;
2438;
2595;
2676;
2656;
2556;
2396;
2320;
2303;
2407;
2531;
2611;
2659;
2558;
2464;
2360;
2326;
2406;
2500;
2591;
2606;
2550;
2452;
2396;
2374;
2428;
2527;
2586;
2588;
2510;
2422;
2367;
2399;
2465;
2556;
2604;
2570;
2482;
2414;
2375;
2403;
2507;
2554;
2583;
2556;
2456;
2424;
2375;
2458;
2500;
2535;
2555;
2498;
2490;
2424;
2419;
2444;
2484;
2531;
2554;
2528;
2488;
2414;
2394;
2414;
2454;
2559;
2599;
2590;
2520;
2414;
2348;
2326;
2412;
2523;
2643;
2672;
2602;
2448;
2303;
2250;
2326;
2494;
2651;
2750;
2687;
2512;
2306;
2208;
2250;
2411;
2618;
2751;
2740;
2602;
2396;
2232;
2220;
2342;
2527;
2687;
2744;
2676;
2514;
2336;
2240;
2251;
2378;
2567;
2706;
2763;
2656;
2480;
2272;
2188;
2258;
2430;
2678;
2804;
2768;
2559;
2320;
2170;
2175;
2362;
2603;
2743;
2768;
2644;
2404;
2267;
2230;
2339;
2494;
2590;
2679;
2640;
2548;
2448;
2360;
2340;
2364;
2446;
2555;
2606;
2637;
2576;
2460;
2367;
2322;
2352;
2479;
2580;
2638;
2584;
2502;
2432;
2376;
2387;
2470;
2529;
2541;
2532;
2477;
2488;
2460;
2480;
2508;
2468;
2442;
2442;
2456;
2506;
2559;
2568;
2548;
2458;
2407;
2378;
2406;
2505;
2568;
2606;
2576;
2488;
2396;
2356;
2382;
2466;
2550;
2599;
2620;
2534;
2432;
2376;
2362;
2405;
2480;
2547;
2608;
2590;
2538;
2450;
2352;
2333;
2382;
2458;
2591;
2666;
2620;
2566;
2401;
2308;
2288;
2356;
2542;
2636;
2702;
2642;
2464;
2340;
2272;
2314;
2426;
2559;
2650;
2664;
2582;
2474;
2364;
2300;
2342;
2430;
2538;
2638;
2664;
2600;
2484;
2336;
2288;
2308;
2447;
2620;
2682;
2679;
2548;
2388;
2300;
2274;
2390;
2540;
2630;
2660;
2588;
2480;
2388;
2331;
2363;
2435;
2508;
2599;
2611;
2596;
2520;
2412;
2331;
2336;
2407;
2527;
2623;
2668;
2596;
2470;
2354;
2290;
2329;
2460;
2582;
2659;
2647;
2572;
2448;
2336;
2314;
2363;
2459;
2586;
2663;
2662;
2559;
2434;
2320;
2280;
2342;
2483;
2619;
2687;
2667;
2524;
2384;
2283;
2279;
2387;
2511;
2643;
2687;
2632;
2520;
2360;
2266;
2286;
2383;
2548;
2674;
2724;
2640;
2448;
2288;
2230;
2298;
2470;
2644;
2728;
2684;
2530;
2367;
2266;
2279;
2398;
2527;
2647;
2682;
2612;
2484;
2356;
2288;
2319;
2422;
2567;
2670;
2667;
2566;
2426;
2292;
2295;
2393;
2538;
2645;
2642;
2564;
2440;
2364;
2367;
2423;
2503;
2558;
2548;
2514;
2466;
2448;
2455;
2480;
2490;
2488;
2487;
2486;
2492;
2480;
2478;
2488;
2498;
2506;
2504;
2487;
2448;
2424;
2434;
2494;
2548;
2580;
2554;
2488;
2404;
2359;
2400;
2459;
2566;
2623;
2610;
2514;
2404;
2331;
2330;
2418;
2547;
2651;
2671;
2589;
2452;
2307;
2260;
2333;
2500;
2660;
2734;
2668;
2498;
2308;
2222;
2278;
2458;
2652;
2735;
2686;
2520;
2332;
2256;
2300;
2451;
2587;
2682;
2666;
2559;
2432;
2346;
2320;
2379;
2479;
2587;
2640;
2623;
2544;
2409;
2320;
2316;
2399;
2518;
2634;
2656;
2594;
2472;
2336;
2309;
2358;
2486;
2607;
2638;
2602;
2496;
2386;
2359;
2388;
2463;
2535;
2555;
2555;
2522;
2483;
2448;
2436;
2443;
2462;
2487;
2515;
2514;
2526;
2514;
2477;
2466;
2443;
2442;
2462;
2487;
2514;
2530;
2530;
2506;
2474;
2426;
2408;
2430;
2472;
2537;
2559;
2570;
2518;
2444;
2400;
2382;
2438;
2524;
2570;
2582;
2532;
2460;
2400;
2387;
2427;
2486;
2545;
2587;
2556;
2492;
2422;
2367;
2398;
2464;
2552;
2591;
2576;
2520;
2426;
2360;
2376;
2438;
2538;
2599;
2596;
2544;
2448;
2377;
2359;
2415;
2511;
2570;
2604;
2578;
2504;
2416;
2360;
2366;
2439;
2542;
2614;
2632;
2538;
2432;
2340;
2336;
2422;
2526;
2632;
2632;
2552;
2420;
2322;
2336;
2414;
2535;
2623;
2618;
2528;
2424;
2344;
2367;
2440;
2522;
2578;
2580;
2534;
2478;
2444;
2416;
2404;
2426;
2484;
2556;
2584;
2603;
2523;
2424;
2334;
2318;
2402;
2540;
2662;
2687;
2592;
2426;
2296;
2270;
2367;
2527;
2657;
2676;
2592;
2474;
2354;
2303;
2358;
2447;
2572;
2619;
2614;
2538;
2444;
2400;
2367;
2400;
2447;
2523;
2580;
2588;
2559;
2480;
2400;
2366;
2384;
2463;
2557;
2594;
2600;
2524;
2424;
2381;
2367;
2431;
2502;
2576;
2590;
2546;
2478;
2412;
2391;
2423;
2475;
2536;
2558;
2526;
2490;
2442;
2434;
2451;
2468;
2510;
2510;
2500;
2478;
2470;
2483;
2486;
2494;
2492;
2476;
2470;
2480;
2482;
2502;
2499;
2490;
2490;
2472;
2486;
2471;
2475;
2476;
2478;
2504;
2506;
2514;
2494;
2460;
2440;
2434;
2448;
2517;
2559;
2551;
2532;
2450;
2398;
2375;
2407;
2507;
2574;
2611;
2576;
2468;
2392;
2356;
2387;
2476;
2567;
2608;
2598;
2522;
2432;
2367;
2354;
2407;
2504;
2588;
2623;
2580;
2483;
2367;
2340;
2376;
2464;
2577;
2621;
2610;
2528;
2418;
2352;
2356;
2422;
2527;
2599;
2608;
2550;
2458;
2398;
2380;
2420;
2474;
2547;
2570;
2554;
2506;
2444;
2404;
2412;
2459;
2503;
2526;
2522;
2504;
2476;
2460;
2468;
2467;
2478;
2471;
2482;
2483;
2496;
2514;
2512;
2506;
2459;
2433;
2442;
2454;
2502;
2540;
2554;
2534;
2480;
2416;
2392;
2410;
2476;
2547;
2590;
2587;
2514;
2428;
2363;
2359;
2436;
2543;
2615;
2632;
2559;
2444;
2336;
2299;
2375;
2513;
2639;
2680;
2606;
2466;
2328;
2262;
2337;
2484;
2640;
2714;
2656;
2506;
2339;
2266;
2299;
2439;
2599;
2698;
2674;
2554;
2404;
2288;
2292;
2386;
2539;
2639;
2671;
2596;
2468;
2344;
2288;
2353;
2475;
2603;
2658;
2623;
2514;
2390;
2320;
2328;
2443;
2556;
2621;
2630;
2548;
2432;
2352;
2344;
2419;
2527;
2582;
2610;
2546;
2458;
2410;
2387;
2442;
2486;
2533;
2547;
2524;
2476;
2448;
2446;
2466;
2496;
2494;
2502;
2479;
2468;
2486;
2496;
2516;
2499;
2472;
2452;
2438;
2456;
2500;
2519;
2542;
2531;
2487;
2448;
2403;
2423;
2478;
2519;
2567;
2556;
2503;
2438;
2386;
2401;
2455;
2522;
2586;
2568;
2512;
2452;
2394;
2394;
2438;
2508;
2559;
2559;
2536;
2462;
2416;
2391;
2428;
2492;
2554;
2571;
2550;
2483;
2418;
2388;
2411;
2475;
2543;
2575;
2559;
2494;
2420;
2378;
2410;
2466;
2538;
2570;
2554;
2498;
2435;
2418;
2426;
2469;
2530;
2535;
2520;
2480;
2452;
2443;
2467;
2491;
2518;
2512;
2494;
2480;
2451;
2474;
2480;
2502;
2510;
2506;
2484;
2468;
2450;
2470;
2491;
2502;
2514;
2488;
2472;
2468;
2452;
2499;
2506;
2506;
2480;
2448;
2460;
2459;
2502;
2529;
2524;
2500;
2436;
2408;
2424;
2482;
2548;
2572;
2538;
2476;
2406;
2396;
2424;
2484;
2550;
2555;
2530;
2488;
2454;
2444;
2440;
2448;
2471;
2500;
2535;
2546;
2534;
2498;
2420;
2387;
2396;
2455;
2539;
2586;
2596;
2536;
2432;
2366;
2359;
2419;
2507;
2583;
2616;
2571;
2492;
2416;
2360;
2377;
2436;
2521;
2593;
2608;
2572;
2482;
2392;
2343;
2382;
2463;
2565;
2632;
2608;
2524;
2420;
2351;
2360;
2428;
2511;
2587;
2604;
2559;
2489;
2408;
2367;
2389;
2446;
2527;
2572;
2592;
2548;
2458;
2403;
2359;
2407;
2489;
2554;
2594;
2578;
2507;
2420;
2386;
2406;
2454;
2504;
2555;
2551;
2535;
2494;
2443;
2429;
2418;
2452;
2500;
2542;
2549;
2534;
2482;
2434;
2432;
2435;
2482;
2512;
2522;
2520;
2494;
2478;
2483;
2480;
2478;
2456;
2432;
2457;
2486;
2540;
2573;
2548;
2484;
2404;
2360;
2403;
2468;
2572;
2622;
2598;
2520;
2400;
2332;
2355;
2440;
2566;
2635;
2630;
2548;
2422;
2334;
2320;
2386;
2527;
2623;
2667;
2598;
2460;
2334;
2286;
2359;
2495;
2618;
2671;
2616;
2492;
2367;
2311;
2342;
2454;
2559;
2636;
2636;
2555;
2436;
2352;
2330;
2382;
2495;
2594;
2658;
2622;
2508;
2378;
2296;
2327;
2439;
2590;
2674;
2647;
2528;
2378;
2309;
2340;
2451;
2574;
2642;
2608;
2522;
2408;
2344;
2386;
2443;
2539;
2583;
2578;
2522;
2444;
2400;
2394;
2442;
2508;
2551;
2559;
2522;
2464;
2430;
2412;
2451;
2510;
2535;
2528;
2492;
2466;
2451;
2472;
2491;
2498;
2488;
2475;
2464;
2474;
2499;
2518;
2508;
2478;
2460;
2446;
2459;
2492;
2522;
2530;
2507;
2474;
2444;
2443;
2468;
2483;
2504;
2514;
2504;
2500;
2472;
2454;
2438;
2443;
2484;
2516;
2536;
2528;
2482;
2440;
2422;
2423;
2480;
2536;
2566;
2546;
2480;
2427;
2392;
2418;
2482;
2547;
2570;
2556;
2492;
2432;
2402;
2404;
2455;
2519;
2575;
2580;
2524;
2449;
2394;
2380;
2426;
2503;
2574;
2592;
2542;
2470;
2396;
2378;
2419;
2471;
2536;
2579;
2554;
2507;
2444;
2395;
2395;
2427;
2487;
2551;
2578;
2574;
2506;
2428;
2367;
2375;
2439;
2527;
2599;
2610;
2546;
2456;
2367;
2351;
2400;
2490;
2588;
2615;
2583;
2492;
2404;
2350;
2366;
2454;
2550;
2607;
2618;
2544;
2440;
2360;
2339;
2397;
2507;
2598;
2630;
2590;
2468;
2376;
2328;
2377;
2479;
2572;
2616;
2600;
2528;
2426;
2352;
2342;
2413;
2506;
2597;
2631;
2584;
2500;
2378;
2315;
2348;
2444;
2580;
2652;
2642;
2538;
2402;
2303;
2315;
2419;
2551;
2636;
2642;
2559;
2448;
2356;
2326;
2388;
2492;
2580;
2632;
2592;
2512;
2410;
2352;
2362;
2428;
2527;
2603;
2615;
2559;
2464;
2384;
2342;
2377;
2479;
2572;
2622;
2584;
2514;
2434;
2376;
2367;
2420;
2492;
2570;
2600;
2580;
2510;
2420;
2359;
2360;
2428;
2527;
2603;
2623;
2559;
2451;
2378;
2342;
2396;
2487;
2587;
2618;
2580;
2512;
2432;
2388;
2379;
2422;
2486;
2559;
2591;
2586;
2520;
2426;
2354;
2344;
2415;
2523;
2612;
2634;
2558;
2444;
2352;
2339;
2390;
2516;
2599;
2623;
2570;
2466;
2386;
2367;
2402;
2467;
2549;
2580;
2592;
2532;
2456;
2398;
2380;
2419;
2484;
2558;
2576;
2568;
2492;
2424;
2390;
2408;
2462;
2527;
2567;
2559;
2508;
2460;
2432;
2432;
2452;
2484;
2507;
2534;
2528;
2502;
2474;
2441;
2423;
2427;
2471;
2519;
2554;
2526;
2488;
2459;
2423;
2438;
2471;
2498;
2516;
2511;
2496;
2486;
2480;
2466;
2464;
2462;
2478;
2499;
2516;
2531;
2498;
2466;
2424;
2427;
2464;
2520;
2558;
2551;
2490;
2435;
2420;
2428;
2485;
2528;
2546;
2520;
2488;
2462;
2424;
2446;
2460;
2500;
2524;
2512;
2508;
2476;
2459;
2448;
2460;
2472;
2504;
2520;
2514;
2494;
2462;
2454;
2459;
2483;
2512;
2507;
2498;
2487;
2474;
2467;
2474;
2476;
2486;
2480;
2490;
2502;
2486;
2486;
2466;
2474;
2488;
2496;
2512;
2503;
2470;
2462;
2446;
2450;
2499;
2524;
2532;
2516;
2472;
2446;
2428;
2463;
2491;
2514;
2519;
2497;
2498;
2474;
2466;
2448;
2462;
2470;
2488;
2520;
2520;
2522;
2475;
2458;
2424;
2417;
2456;
2502;
2541;
2546;
2528;
2482;
2434;
2402;
2426;
2461;
2520;
2559;
2552;
2518;
2448;
2402;
2391;
2440;
2526;
2576;
2591;
2528;
2446;
2382;
2376;
2444;
2539;
2588;
2574;
2522;
2436;
2388;
2400;
2458;
2518;
2543;
2543;
2498;
2474;
2448;
2452;
2444;
2455;
2480;
2514;
2558;
2550;
2524;
2442;
2384;
2367;
2424;
2523;
2603;
2634;
2554;
2448;
2346;
2326;
2404;
2515;
2623;
2634;
2572;
2448;
2353;
2346;
2411;
2522;
2599;
2620;
2548;
2456;
2379;
2358;
2416;
2488;
2586;
2592;
2551;
2457;
2408;
2387;
2420;
2483;
2528;
2556;
2536;
2512;
2454;
2422;
2418;
2436;
2491;
2525;
2546;
2550;
2515;
2456;
2403;
2388;
2412;
2503;
2572;
2615;
2559;
2456;
2382;
2348;
2431;
2494;
2606;
2593;
2554;
2432;
2384;
2366;
2440;
2554;
2551;
2598;
2472;
2442;
2395;
2402;
2494;
2512;
2558;
2528;
2480;
2458;
2432;
2422;
2490;
2468;
2556;
2530;
2500;
2490;
2403;
2455;
2428;
2494;
2537;
2516;
2538;
2452;
2464;
2443;
2460;
2506;
2511;
2534;
2488;
2467;
2464;
2443;
2475;
2488;
2490;
2548;
2494;
2506;
2476;
2410;
2466;
2418;
2502;
2548;
2518;
2572;
2448;
2439;
2420;
2394;
2511;
2527;
2546;
2575;
2454;
2459;
2422;
2400;
2511;
2472;
2512;
2538;
2484;
2538;
2476;
2424;
2487;
2384;
2486;
2496;
2498;
2570;
2536;
2478;
2483;
2408;
2408;
2478;
2428;
2595;
2528;
2544;
2534;
2384;
2435;
2394;
2435;
2538;
2575;
2568;
2570;
2420;
2413;
2410;
2391;
2543;
2500;
2580;
2531;
2464;
2479;
2422;
2442;
2464;
2471;
2508;
2536;
2516;
2526;
2480;
2436;
2428;
2402;
2470;
2494;
2570;
2559;
2534;
2494;
2400;
2407;
2379;
2468;
2524;
2559;
2599;
2542;
2496;
2424;
2367;
2388;
2428;
2490;
2615;
2611;
2587;
2522;
2360;
2359;
2323;
2424;
2550;
2604;
2671;
2578;
2472;
2367;
2291;
2339;
2458;
2559;
2662;
2646;
2556;
2440;
2312;
2299;
2362;
2486;
2636;
2674;
2623;
2506;
2364;
2303;
2331;
2440;
2571;
2654;
2640;
2579;
2432;
2354;
2324;
2367;
2508;
2582;
2640;
2604;
2518;
2410;
2338;
2347;
2415;
2523;
2607;
2640;
2559;
2451;
2367;
2343;
2415;
2498;
2579;
2578;
2539;
2459;
2434;
2446;
2448;
2504;
2478;
2490;
2472;
2480;
2530;
2533;
2518;
2470;
2396;
2375;
2435;
2512;
2623;
2602;
2554;
2444;
2314;
2363;
2394;
2531;
2652;
2642;
2580;
2444;
2320;
2322;
2375;
2502;
2631;
2636;
2612;
2482;
2362;
2326;
2344;
2471;
2574;
2623;
2620;
2528;
2410;
2354;
2358;
2422;
2523;
2574;
2606;
2540;
2482;
2420;
2364;
2403;
2440;
2535;
2607;
2594;
2528;
2422;
2344;
2343;
2439;
2559;
2655;
2623;
2524;
2374;
2292;
2325;
2474;
2622;
2698;
2622;
2496;
2332;
2284;
2355;
2483;
2619;
2663;
2604;
2490;
2388;
2340;
2375;
2440;
2542;
2591;
2590;
2554;
2460;
2419;
2384;
2402;
2448;
2535;
2572;
2586;
2536;
2454;
2410;
2376;
2436;
2490;
2548;
2559;
2528;
2500;
2450;
2442;
2432;
2451;
2483;
2522;
2551;
2543;
2516;
2451;
2410;
2398;
2445;
2507;
2579;
2584;
2534;
2464;
2392;
2383;
2416;
2503;
2551;
2572;
2550;
2491;
2451;
2408;
2407;
2424;
2479;
2542;
2574;
2580;
2518;
2442;
2392;
2366;
2414;
2508;
2567;
2610;
2559;
2476;
2404;
2367;
2408;
2471;
2531;
2557;
2546;
2515;
2482;
2452;
2430;
2424;
2439;
2482;
2534;
2568;
2582;
2520;
2442;
2394;
2362;
2407;
2499;
2572;
2623;
2586;
2496;
2406;
2339;
2354;
2420;
2519;
2634;
2634;
2600;
2480;
2336;
2299;
2311;
2462;
2634;
2698;
2678;
2528;
2340;
2262;
2266;
2411;
2587;
2703;
2722;
2586;
2424;
2280;
2247;
2343;
2499;
2657;
2727;
2666;
2508;
2346;
2246;
2270;
2404;
2590;
2724;
2726;
2600;
2396;
2242;
2231;
2353;
2551;
2719;
2728;
2608;
2408;
2268;
2280;
2363;
2535;
2648;
2652;
2588;
2442;
2352;
2352;
2399;
2495;
2572;
2588;
2578;
2488;
2427;
2386;
2406;
2467;
2528;
2574;
2574;
2504;
2446;
2402;
2409;
2460;
2514;
2550;
2547;
2505;
2456;
2436;
2435;
2467;
2511;
2520;
2518;
2494;
2468;
2456;
2454;
2474;
2490;
2489;
2494;
2500;
2480;
2482;
2486;
2475;
2486;
2476;
2472;
2472;
2476;
2496;
2510;
2515;
2496;
2456;
2442;
2436;
2450;
2503;
2526;
2543;
2530;
2476;
2432;
2418;
2418;
2470;
2530;
2555;
2576;
2516;
2450;
2415;
2380;
2423;
2476;
2557;
2611;
2599;
2516;
2408;
2330;
2344;
2435;
2558;
2647;
2656;
2558;
2416;
2303;
2288;
2395;
2539;
2656;
2676;
2594;
2448;
2310;
2289;
2357;
2506;
2633;
2668;
2636;
2480;
2360;
2294;
2332;
2466;
2583;
2666;
2636;
2534;
2408;
2326;
2336;
2423;
2523;
2606;
2630;
2568;
2483;
2390;
2354;
2384;
2469;
2567;
2604;
2590;
2508;
2439;
2380;
2395;
2445;
2526;
2578;
2558;
2510;
2450;
2428;
2422;
2459;
2514;
2524;
2502;
2458;
2458;
2470;
2487;
2504;
2512;
2492;
2450;
2452;
2448;
2494;
2527;
2530;
2521;
2482;
2435;
2430;
2437;
2485;
2538;
2536;
2538;
2486;
2448;
2418;
2408;
2474;
2524;
2559;
2557;
2494;
2440;
2406;
2416;
2487;
2539;
2570;
2542;
2464;
2410;
2384;
2423;
2512;
2571;
2584;
2530;
2426;
2367;
2364;
2427;
2534;
2602;
2618;
2536;
2432;
2354;
2323;
2396;
2526;
2636;
2676;
2596;
2456;
2312;
2254;
2343;
2492;
2655;
2727;
2660;
2496;
2303;
2226;
2289;
2459;
2643;
2740;
2694;
2528;
2336;
2236;
2273;
2412;
2598;
2712;
2720;
2580;
2400;
2262;
2240;
2358;
2538;
2687;
2730;
2648;
2456;
2288;
2220;
2298;
2479;
2643;
2739;
2678;
2520;
2348;
2226;
2279;
2411;
2575;
2700;
2684;
2588;
2440;
2303;
2279;
2340;
2487;
2623;
2686;
2642;
2514;
2363;
2296;
2302;
2430;
2567;
2644;
2660;
2548;
2432;
2339;
2327;
2414;
2519;
2607;
2623;
2552;
2456;
2392;
2359;
2418;
2473;
2550;
2594;
2544;
2494;
2418;
2392;
2407;
2460;
2536;
2558;
2543;
2488;
2454;
2430;
2427;
2455;
2506;
2524;
2502;
2504;
2466;
2480;
2471;
2464;
2472;
2459;
2478;
2498;
2520;
2530;
2519;
2460;
2434;
2418;
2437;
2501;
2539;
2582;
2547;
2497;
2440;
2382;
2388;
2436;
2535;
2592;
2596;
2547;
2450;
2376;
2360;
2400;
2484;
2588;
2615;
2588;
2496;
2394;
2344;
2361;
2450;
2542;
2604;
2606;
2540;
2450;
2386;
2360;
2399;
2479;
2551;
2602;
2580;
2520;
2432;
2367;
2380;
2422;
2506;
2568;
2595;
2559;
2480;
2418;
2378;
2422;
2475;
2545;
2568;
2546;
2498;
2448;
2430;
2434;
2471;
2494;
2520;
2524;
2504;
2487;
2459;
2464;
2464;
2479;
2492;
2494;
2506;
2492;
2494;
2484;
2470;
2468;
2478;
2467;
2480;
2494;
2496;
2534;
2499;
2478;
2442;
2418;
2447;
2486;
2541;
2559;
2528;
2478;
2418;
2386;
2416;
2475;
2543;
2590;
2556;
2504;
2426;
2382;
2398;
2431;
2519;
2568;
2578;
2559;
2480;
2410;
2367;
2383;
2458;
2551;
2604;
2619;
2520;
2438;
2367;
2342;
2428;
2506;
2600;
2620;
2568;
2480;
2384;
2342;
2395;
2471;
2546;
2606;
2576;
2528;
2446;
2374;
2367;
2410;
2507;
2584;
2607;
2566;
2482;
2378;
2364;
2407;
2483;
2575;
2582;
2570;
2488;
2420;
2404;
2407;
2476;
2531;
2542;
2538;
2504;
2467;
2456;
2440;
2452;
2464;
2482;
2535;
2532;
2523;
2503;
2444;
2424;
2430;
2463;
2520;
2527;
2526;
2510;
2472;
2463;
2450;
2454;
2476;
2484;
2505;
2519;
2508;
2510;
2486;
2456;
2436;
2426;
2463;
2508;
2542;
2550;
2505;
2456;
2439;
2424;
2457;
2491;
2520;
2535;
2520;
2496;
2464;
2454;
2452;
2472;
2495;
2511;
2512;
2492;
2484;
2478;
2467;
2472;
2488;
2485;
2484;
2471;
2478;
2486;
2504;
2523;
2494;
2478;
2442;
2436;
2478;
2500;
2544;
2532;
2492;
2460;
2424;
2424;
2468;
2507;
2548;
2532;
2486;
2466;
2418;
2442;
2464;
2488;
2535;
2520;
2520;
2496;
2458;
2448;
2432;
2458;
2503;
2528;
2546;
2522;
2474;
2439;
2414;
2434;
2487;
2531;
2558;
2535;
2486;
2435;
2424;
2427;
2471;
2531;
2551;
2532;
2492;
2471;
2434;
2440;
2471;
2494;
2522;
2514;
2514;
2472;
2456;
2467;
2468;
2478;
2510;
2508;
2502;
2482;
2456;
2460;
2463;
2493;
2518;
2518;
2504;
2462;
2448;
2440;
2459;
2515;
2512;
2531;
2510;
2462;
2436;
2428;
2448;
2497;
2528;
2548;
2520;
2476;
2435;
2420;
2435;
2486;
2532;
2552;
2544;
2496;
2424;
2400;
2414;
2467;
2535;
2571;
2559;
2496;
2428;
2396;
2410;
2463;
2539;
2570;
2576;
2504;
2426;
2387;
2399;
2470;
2532;
2584;
2583;
2504;
2430;
2380;
2396;
2463;
2534;
2579;
2574;
2514;
2448;
2395;
2399;
2454;
2508;
2552;
2558;
2520;
2466;
2424;
2406;
2439;
2495;
2536;
2538;
2510;
2480;
2435;
2434;
2456;
2488;
2523;
2524;
2510;
2480;
2453;
2456;
2456;
2491;
2507;
2504;
2507;
2480;
2472;
2479;
2462;
2490;
2488;
2508;
2508;
2474;
2478;
2469;
2476;
2492;
2496;
2506;
2499;
2475;
2458;
2452;
2473;
2502;
2508;
2524;
2492;
2454;
2441;
2438;
2478;
2512;
2527;
2523;
2484;
2452;
2450;
2443;
2466;
2488;
2523;
2531;
2512;
2484;
2450;
2427;
2435;
2474;
2526;
2550;
2546;
2502;
2444;
2419;
2415;
2467;
2528;
2551;
2547;
2500;
2444;
2426;
2428;
2463;
2508;
2531;
2540;
2520;
2483;
2444;
2408;
2411;
2455;
2514;
2559;
2568;
2530;
2458;
2403;
2376;
2414;
2488;
2575;
2606;
2559;
2482;
2388;
2350;
2389;
2471;
2571;
2598;
2578;
2506;
2420;
2364;
2374;
2454;
2536;
2580;
2592;
2537;
2457;
2388;
2382;
2429;
2495;
2558;
2576;
2544;
2472;
2422;
2400;
2429;
2483;
2540;
2554;
2530;
2481;
2456;
2436;
2446;
2468;
2496;
2515;
2531;
2515;
2490;
2452;
2424;
2422;
2461;
2515;
2539;
2528;
2513;
2464;
2422;
2417;
2440;
2495;
2534;
2538;
2526;
2478;
2450;
2432;
2435;
2470;
2500;
2525;
2527;
2516;
2479;
2435;
2422;
2442;
2482;
2528;
2540;
2535;
2504;
2454;
2411;
2422;
2460;
2513;
2541;
2540;
2518;
2470;
2436;
2432;
2436;
2473;
2517;
2540;
2546;
2516;
2460;
2426;
2408;
2447;
2498;
2531;
2558;
2535;
2476;
2440;
2422;
2435;
2482;
2523;
2522;
2518;
2487;
2482;
2468;
2470;
2455;
2460;
2483;
2499;
2526;
2531;
2510;
2460;
2426;
2406;
2435;
2495;
2554;
2567;
2536;
2484;
2416;
2399;
2420;
2467;
2528;
2558;
2558;
2520;
2468;
2427;
2390;
2411;
2460;
2526;
2584;
2579;
2540;
2456;
2382;
2355;
2389;
2487;
2586;
2620;
2588;
2496;
2403;
2344;
2366;
2452;
2535;
2602;
2599;
2536;
2444;
2384;
2367;
2406;
2493;
2566;
2595;
2570;
2508;
2420;
2366;
2374;
2439;
2535;
2597;
2604;
2544;
2454;
2376;
2360;
2407;
2502;
2587;
2623;
2596;
2483;
2387;
2340;
2364;
2474;
2566;
2635;
2622;
2538;
2424;
2320;
2324;
2403;
2534;
2638;
2664;
2576;
2452;
2338;
2314;
2378;
2486;
2613;
2652;
2596;
2496;
2386;
2329;
2367;
2456;
2558;
2606;
2580;
2528;
2432;
2380;
2380;
2411;
2502;
2572;
2590;
2555;
2468;
2416;
2384;
2418;
2479;
2532;
2559;
2535;
2487;
2446;
2434;
2455;
2488;
2506;
2515;
2492;
2484;
2490;
2496;
2496;
2477;
2456;
2451;
2465;
2506;
2531;
2544;
2512;
2471;
2439;
2416;
2422;
2473;
2540;
2567;
2546;
2496;
2436;
2416;
2411;
2444;
2511;
2548;
2555;
2526;
2464;
2435;
2408;
2430;
2484;
2521;
2543;
2526;
2504;
2474;
2442;
2452;
2448;
2463;
2494;
2518;
2532;
2520;
2490;
2458;
2432;
2434;
2454;
2515;
2546;
2547;
2515;
2450;
2423;
2415;
2439;
2507;
2535;
2538;
2514;
2470;
2446;
2444;
2456;
2487;
2502;
2518;
2512;
2494;
2490;
2459;
2454;
2451;
2464;
2496;
2524;
2542;
2514;
2474;
2443;
2428;
2443;
2486;
2536;
2547;
2528;
2486;
2443;
2434;
2444;
2478;
2513;
2530;
2522;
2504;
2466;
2452;
2450;
2459;
2482;
2503;
2515;
2516;
2496;
2472;
2456;
2448;
2468;
2488;
2504;
2510;
2508;
2491;
2471;
2454;
2462;
2468;
2483;
2512;
2508;
2506;
2488;
2472;
2448;
2436;
2462;
2507;
2526;
2528;
2500;
2459;
2434;
2427;
2464;
2515;
2532;
2531;
2503;
2470;
2438;
2440;
2467;
2504;
2524;
2520;
2510;
2482;
2467;
2458;
2459;
2478;
2494;
2520;
2519;
2498;
2468;
2454;
2448;
2478;
2504;
2520;
2516;
2500;
2466;
2450;
2466;
2474;
2504;
2518;
2504;
2488;
2472;
2474;
2472;
2476;
2475;
2480;
2492;
2507;
2507;
2496;
2478;
2458;
2448;
2455;
2480;
2510;
2528;
2522;
2498;
2467;
2434;
2438;
2462;
2496;
2528;
2536;
2518;
2482;
2446;
2427;
2447;
2478;
2510;
2531;
2512;
2496;
2461;
2458;
2460;
2472;
2487;
2495;
2503;
2495;
2494;
2490;
2490;
2478;
2466;
2468;
2470;
2488;
2515;
2520;
2507;
2479;
2450;
2452;
2468;
2494;
2518;
2524;
2500;
2481;
2450;
2438;
2466;
2496;
2534;
2530;
2504;
2462;
2438;
2435;
2457;
2510;
2532;
2535;
2504;
2462;
2432;
2429;
2455;
2500;
2517;
2542;
2530;
2502;
2462;
2426;
2414;
2446;
2494;
2540;
2566;
2558;
2510;
2436;
2394;
2380;
2435;
2522;
2579;
2612;
2548;
2456;
2362;
2338;
2403;
2516;
2607;
2622;
2566;
2464;
2367;
2339;
2396;
2499;
2582;
2622;
2559;
2464;
2392;
2360;
2402;
2482;
2551;
2583;
2546;
2486;
2424;
2385;
2415;
2459;
2519;
2556;
2536;
2516;
2458;
2424;
2414;
2440;
2487;
2522;
2530;
2515;
2494;
2456;
2443;
2436;
2458;
2491;
2520;
2544;
2516;
2487;
2450;
2427;
2436;
2474;
2512;
2536;
2530;
2508;
2472;
2438;
2438;
2466;
2493;
2519;
2518;
2512;
2486;
2460;
2457;
2464;
2466;
2484;
2500;
2518;
2513;
2490;
2464;
2434;
2435;
2462;
2504;
2548;
2544;
2527;
2462;
2416;
2414;
2438;
2507;
2554;
2547;
2510;
2468;
2419;
2419;
2447;
2502;
2532;
2540;
2519;
2480;
2451;
2432;
2443;
2487;
2524;
2547;
2524;
2488;
2458;
2442;
2452;
2466;
2496;
2514;
2523;
2503;
2482;
2456;
2444;
2452;
2472;
2499;
2518;
2520;
2488;
2468;
2451;
2442;
2471;
2503;
2530;
2522;
2494;
2456;
2449;
2459;
2484;
2508;
2507;
2504;
2457;
2458;
2460;
2493;
2519;
2516;
2507;
2476;
2443;
2432;
2467;
2504;
2534;
2530;
2491;
2456;
2413;
2434;
2471;
2514;
2550;
2530;
2506;
2440;
2408;
2410;
2458;
2523;
2569;
2566;
2534;
2460;
2404;
2395;
2420;
2487;
2548;
2567;
2559;
2500;
2436;
2392;
2367;
2421;
2499;
2572;
2612;
2582;
2498;
2394;
2332;
2358;
2447;
2558;
2638;
2638;
2546;
2424;
2328;
2322;
2392;
2518;
2623;
2660;
2592;
2480;
2360;
2298;
2346;
2447;
2580;
2654;
2642;
2552;
2412;
2320;
2310;
2391;
2510;
2620;
2666;
2616;
2496;
2378;
2299;
2323;
2435;
2558;
2654;
2662;
2576;
2448;
2323;
2286;
2351;
2476;
2620;
2687;
2644;
2530;
2376;
2284;
2302;
2396;
2547;
2663;
2680;
2602;
2458;
2322;
2280;
2327;
2478;
2607;
2679;
2662;
2532;
2388;
2296;
2291;
2399;
2527;
2641;
2661;
2592;
2476;
2360;
2309;
2350;
2454;
2575;
2644;
2632;
2548;
2426;
2342;
2331;
2391;
2501;
2598;
2623;
2598;
2496;
2396;
2350;
2366;
2436;
2539;
2608;
2610;
2532;
2448;
2390;
2366;
2407;
2484;
2559;
2582;
2566;
2504;
2433;
2398;
2395;
2442;
2506;
2558;
2550;
2542;
2492;
2436;
2410;
2402;
2466;
2498;
2555;
2554;
2524;
2467;
2427;
2420;
2423;
2482;
2520;
2550;
2538;
2496;
2452;
2439;
2435;
2470;
2486;
2508;
2519;
2508;
2514;
2460;
2458;
2450;
2452;
2494;
2508;
2533;
2516;
2488;
2467;
2436;
2462;
2474;
2519;
2535;
2519;
2493;
2458;
2420;
2459;
2462;
2511;
2536;
2510;
2521;
2448;
2450;
2443;
2436;
2502;
2508;
2538;
2522;
2486;
2474;
2441;
2436;
2465;
2472;
2516;
2539;
2520;
2524;
2462;
2452;
2436;
2424;
2470;
2503;
2550;
2580;
2514;
2473;
2400;
2367;
2430;
2479;
2551;
2591;
2548;
2496;
2436;
2356;
2424;
2435;
2538;
2582;
2547;
2536;
2448;
2420;
2408;
2420;
2475;
2548;
2547;
2558;
2512;
2428;
2410;
2367;
2458;
2503;
2571;
2596;
2540;
2476;
2386;
2367;
2406;
2492;
2559;
2597;
2559;
2480;
2420;
2366;
2404;
2454;
2546;
2572;
2584;
2530;
2438;
2419;
2367;
2447;
2490;
2559;
2586;
2535;
2486;
2396;
2379;
2407;
2471;
2543;
2603;
2559;
2499;
2420;
2357;
2406;
2440;
2559;
2588;
2580;
2520;
2406;
2364;
2374;
2456;
2540;
2614;
2596;
2524;
2420;
2334;
2364;
2422;
2551;
2623;
2623;
2544;
2420;
2336;
2342;
2420;
2508;
2623;
2619;
2592;
2474;
2364;
2340;
2352;
2470;
2556;
2631;
2623;
2556;
2426;
2336;
2310;
2367;
2512;
2594;
2687;
2616;
2506;
2358;
2272;
2303;
2412;
2579;
2666;
2676;
2568;
2438;
2303;
2282;
2362;
2479;
2623;
2675;
2662;
2530;
2384;
2303;
2292;
2391;
2516;
2647;
2672;
2619;
2496;
2360;
2294;
2296;
2421;
2551;
2665;
2656;
2587;
2448;
2326;
2298;
2335;
2487;
2600;
2682;
2622;
2518;
2396;
2296;
2318;
2411;
2547;
2636;
2651;
2566;
2460;
2364;
2329;
2392;
2471;
2567;
2579;
2595;
2538;
2432;
2411;
2360;
2412;
2470;
2543;
2607;
2596;
2538;
2438;
2363;
2348;
2410;
2499;
2583;
2612;
2578;
2500;
2404;
2363;
2378;
2460;
2525;
2592;
2586;
2534;
2474;
2402;
2396;
2395;
2471;
2532;
2551;
2568;
2524;
2472;
2408;
2384;
2420;
2456;
2539;
2575;
2564;
2518;
2451;
2388;
2394;
2428;
2492;
2559;
2566;
2554;
2486;
2424;
2412;
2402;
2455;
2522;
2570;
2559;
2515;
2458;
2408;
2400;
2434;
2508;
2537;
2552;
2518;
2476;
2444;
2422;
2444;
2456;
2506;
2523;
2520;
2524;
2491;
2461;
2435;
2437;
2456;
2503;
2528;
2533;
2518;
2474;
2456;
2435;
2454;
2478;
2503;
2524;
2483;
2499;
2486;
2468;
2481;
2462;
2476;
2470;
2463;
2508;
2498;
2514;
2522;
2471;
2465;
2434;
2451;
2492;
2506;
2538;
2526;
2504;
2474;
2443;
2430;
2432;
2494;
2518;
2534;
2531;
2512;
2440;
2420;
2434;
2455;
2530;
2542;
2550;
2499;
2460;
2438;
2424;
2458;
2500;
2527;
2520;
2511;
2478;
2455;
2444;
2434;
2480;
2492;
2546;
2534;
2516;
2491;
2416;
2403;
2414;
2477;
2557;
2577;
2568;
2492;
2408;
2379;
2378;
2455;
2542;
2588;
2587;
2528;
2443;
2400;
2381;
2426;
2491;
2556;
2579;
2555;
2502;
2446;
2400;
2411;
2455;
2502;
2551;
2543;
2519;
2470;
2448;
2451;
2448;
2490;
2512;
2514;
2513;
2496;
2482;
2472;
2466;
2466;
2467;
2486;
2512;
2512;
2504;
2478;
2456;
2458;
2474;
2496;
2504;
2492;
2474;
2456;
2466;
2482;
2492;
2520;
2504;
2490;
2444;
2440;
2464;
2496;
2518;
2528;
2494;
2476;
2472;
2456;
2476;
2486;
2498;
2495;
2483;
2495;
2474;
2486;
2473;
2470;
2471;
2472;
2487;
2504;
2510;
2508;
2487;
2462;
2450;
2450;
2488;
2522;
2528;
2535;
2492;
2442;
2432;
2428;
2464;
2526;
2551;
2558;
2516;
2434;
2412;
2394;
2454;
2519;
2558;
2574;
2536;
2452;
2418;
2367;
2412;
2487;
2552;
2593;
2568;
2508;
2426;
2375;
2374;
2446;
2531;
2595;
2614;
2544;
2464;
2374;
2348;
2407;
2486;
2586;
2623;
2576;
2498;
2384;
2343;
2388;
2459;
2559;
2610;
2595;
2515;
2408;
2364;
2384;
2451;
2531;
2582;
2571;
2518;
2450;
2408;
2411;
2450;
2500;
2532;
2535;
2510;
2494;
2448;
2436;
2456;
2468;
2511;
2518;
2522;
2512;
2462;
2451;
2439;
2460;
2502;
2524;
2530;
2504;
2450;
2436;
2434;
2472;
2518;
2542;
2536;
2486;
2451;
2419;
2435;
2480;
2522;
2554;
2528;
2488;
2424;
2403;
2416;
2476;
2550;
2568;
2550;
2482;
2426;
2390;
2414;
2479;
2554;
2579;
2554;
2482;
2422;
2392;
2402;
2482;
2546;
2574;
2558;
2494;
2432;
2398;
2406;
2444;
2530;
2559;
2568;
2528;
2471;
2420;
2384;
2418;
2474;
2550;
2583;
2572;
2514;
2434;
2394;
2379;
2427;
2515;
2576;
2596;
2567;
2474;
2401;
2347;
2386;
2471;
2558;
2611;
2582;
2514;
2424;
2360;
2382;
2446;
2531;
2592;
2594;
2544;
2457;
2400;
2378;
2420;
2490;
2538;
2567;
2551;
2506;
2454;
2424;
2404;
2422;
2481;
2523;
2556;
2558;
2504;
2460;
2400;
2378;
2421;
2480;
2574;
2596;
2571;
2502;
2401;
2367;
2382;
2452;
2551;
2611;
2608;
2538;
2436;
2378;
2362;
2414;
2516;
2567;
2596;
2549;
2472;
2416;
2374;
2404;
2452;
2532;
2584;
2570;
2515;
2454;
2414;
2386;
2439;
2490;
2539;
2559;
2539;
2499;
2455;
2413;
2406;
2444;
2507;
2558;
2559;
2538;
2476;
2412;
2395;
2412;
2479;
2543;
2568;
2567;
2508;
2435;
2394;
2386;
2454;
2524;
2552;
2580;
2514;
2468;
2416;
2383;
2439;
2475;
2554;
2572;
2554;
2504;
2422;
2384;
2400;
2460;
2530;
2572;
2572;
2524;
2456;
2403;
2392;
2438;
2510;
2559;
2576;
2522;
2466;
2412;
2406;
2440;
2486;
2538;
2538;
2521;
2490;
2444;
2435;
2435;
2466;
2509;
2528;
2524;
2506;
2460;
2448;
2439;
2461;
2498;
2508;
2521;
2507;
2485;
2472;
2455;
2462;
2484;
2500;
2504;
2500;
2486;
2478;
2491;
2487;
2475;
2475;
2478;
2480;
2499;
2502;
2507;
2486;
2480;
2460;
2456;
2467;
2474;
2516;
2512;
2516;
2507;
2456;
2427;
2418;
2447;
2506;
2530;
2548;
2536;
2474;
2420;
2392;
2403;
2471;
2544;
2579;
2574;
2508;
2439;
2387;
2387;
2448;
2522;
2568;
2579;
2540;
2476;
2402;
2376;
2415;
2480;
2551;
2587;
2559;
2517;
2438;
2390;
2382;
2442;
2520;
2572;
2596;
2548;
2464;
2396;
2374;
2396;
2484;
2557;
2595;
2574;
2502;
2432;
2382;
2378;
2443;
2523;
2580;
2594;
2554;
2471;
2396;
2360;
2404;
2475;
2572;
2615;
2586;
2512;
2412;
2363;
2367;
2446;
2544;
2584;
2588;
2534;
2450;
2394;
2367;
2427;
2494;
2570;
2584;
2540;
2474;
2428;
2403;
2434;
2487;
2534;
2540;
2524;
2494;
2448;
2438;
2451;
2488;
2520;
2522;
2510;
2468;
2455;
2452;
2470;
2495;
2510;
2501;
2483;
2472;
2454;
2470;
2480;
2503;
2507;
2502;
2478;
2448;
2455;
2466;
2495;
2528;
2520;
2502;
2471;
2442;
2444;
2468;
2508;
2524;
2523;
2490;
2454;
2440;
2452;
2475;
2509;
2528;
2510;
2491;
2460;
2436;
2451;
2476;
2507;
2517;
2518;
2500;
2476;
2446;
2451;
2448;
2494;
2520;
2528;
2523;
2480;
2452;
2428;
2428;
2476;
2522;
2546;
2540;
2500;
2449;
2427;
2414;
2459;
2518;
2551;
2544;
2500;
2460;
2411;
2424;
2451;
2504;
2544;
2528;
2510;
2471;
2436;
2423;
2434;
2492;
2530;
2536;
2530;
2482;
2443;
2424;
2433;
2484;
2518;
2543;
2526;
2488;
2464;
2432;
2440;
2476;
2503;
2532;
2523;
2502;
2469;
2446;
2442;
2451;
2485;
2517;
2522;
2516;
2494;
2466;
2440;
2450;
2471;
2498;
2515;
2514;
2500;
2470;
2459;
2464;
2468;
2480;
2498;
2494;
2502;
2480;
2491;
2483;
2480;
2476;
2468;
2480;
2482;
2487;
2512;
2508;
2492;
2474;
2456;
2455;
2455;
2494;
2522;
2516;
2507;
2476;
2444;
2442;
2452;
2498;
2507;
2531;
2538;
2492;
2460;
2438;
2428;
2464;
2510;
2546;
2550;
2500;
2456;
2420;
2410;
2447;
2499;
2543;
2544;
2530;
2482;
2435;
2418;
2414;
2467;
2516;
2544;
2544;
2502;
2462;
2428;
2418;
2438;
2499;
2539;
2554;
2542;
2490;
2435;
2410;
2415;
2466;
2526;
2559;
2550;
2500;
2448;
2422;
2407;
2450;
2502;
2543;
2538;
2508;
2484;
2439;
2432;
2440;
2464;
2506;
2532;
2539;
2515;
2484;
2442;
2422;
2425;
2468;
2523;
2556;
2555;
2516;
2455;
2410;
2404;
2444;
2511;
2551;
2558;
2538;
2474;
2435;
2410;
2423;
2471;
2520;
2554;
2547;
2500;
2442;
2410;
2407;
2451;
2506;
2550;
2551;
2514;
2470;
2414;
2410;
2432;
2494;
2538;
2548;
2519;
2472;
2451;
2436;
2466;
2499;
2507;
2503;
2490;
2488;
2474;
2480;
2482;
2480;
2478;
2487;
2467;
2484;
2496;
2492;
2515;
2480;
2480;
2460;
2450;
2476;
2486;
2515;
2524;
2502;
2480;
2444;
2442;
2459;
2486;
2526;
2538;
2499;
2483;
2432;
2434;
2463;
2494;
2549;
2528;
2504;
2475;
2436;
2451;
2470;
2482;
2510;
2512;
2516;
2498;
2472;
2467;
2446;
2452;
2475;
2502;
2527;
2520;
2507;
2464;
2430;
2420;
2446;
2503;
2538;
2539;
2512;
2470;
2438;
2426;
2444;
2480;
2525;
2532;
2522;
2491;
2464;
2442;
2444;
2462;
2492;
2518;
2518;
2522;
2492;
2452;
2448;
2432;
2468;
2508;
2530;
2544;
2508;
2468;
2428;
2411;
2448;
2500;
2532;
2558;
2526;
2483;
2435;
2416;
2423;
2455;
2526;
2551;
2555;
2521;
2454;
2412;
2410;
2439;
2508;
2547;
2559;
2528;
2472;
2426;
2411;
2439;
2486;
2526;
2542;
2508;
2484;
2459;
2454;
2480;
2484;
2491;
2484;
2471;
2480;
2498;
2514;
2516;
2490;
2466;
2450;
2442;
2464;
2487;
2540;
2542;
2516;
2486;
2424;
2411;
2426;
2465;
2532;
2555;
2559;
2515;
2444;
2404;
2388;
2424;
2511;
2574;
2599;
2551;
2460;
2398;
2367;
2416;
2499;
2567;
2600;
2558;
2484;
2414;
2367;
2400;
2471;
2544;
2578;
2572;
2506;
2432;
2392;
2406;
2451;
2520;
2554;
2559;
2512;
2460;
2403;
2395;
2454;
2515;
2552;
2544;
2499;
2448;
2419;
2431;
2470;
2516;
2543;
2516;
2482;
2454;
2432;
2468;
2501;
2524;
2540;
2500;
2462;
2436;
2430;
2470;
2504;
2540;
2546;
2504;
2468;
2422;
2413;
2443;
2503;
2543;
2559;
2516;
2467;
2420;
2408;
2428;
2475;
2534;
2548;
2544;
2488;
2440;
2412;
2415;
2454;
2518;
2551;
2548;
2508;
2464;
2432;
2418;
2440;
2492;
2527;
2542;
2534;
2502;
2448;
2424;
2429;
2461;
2516;
2528;
2534;
2512;
2475;
2450;
2427;
2453;
2482;
2507;
2536;
2522;
2498;
2468;
2434;
2446;
2458;
2488;
2515;
2515;
2524;
2490;
2456;
2447;
2436;
2470;
2502;
2527;
2527;
2501;
2468;
2436;
2436;
2462;
2493;
2532;
2539;
2506;
2480;
2436;
2432;
2467;
2506;
2536;
2522;
2509;
2468;
2460;
2442;
2459;
2491;
2511;
2528;
2514;
2480;
2464;
2448;
2450;
2483;
2494;
2519;
2524;
2494;
2476;
2448;
2448;
2448;
2487;
2522;
2534;
2520;
2468;
2436;
2424;
2438;
2495;
2538;
2544;
2518;
2467;
2426;
2408;
2439;
2510;
2551;
2559;
2514;
2456;
2406;
2411;
2454;
2512;
2556;
2559;
2514;
2451;
2416;
2406;
2444;
2517;
2555;
2550;
2513;
2459;
2417;
2412;
2446;
2503;
2539;
2543;
2508;
2478;
2450;
2436;
2449;
2476;
2510;
2522;
2524;
2496;
2476;
2456;
2446;
2458;
2473;
2510;
2520;
2514;
2492;
2462;
2446;
2450;
2477;
2506;
2517;
2510;
2491;
2467;
2468;
2471;
2481;
2486;
2498;
2500;
2475;
2486;
2488;
2488;
2496;
2482;
2474;
2471;
2463;
2483;
2506;
2510;
2508;
2492;
2470;
2454;
2444;
2464;
2492;
2516;
2532;
2516;
2476;
2435;
2424;
2438;
2482;
2531;
2541;
2536;
2494;
2443;
2420;
2423;
2467;
2519;
2538;
2525;
2499;
2461;
2448;
2446;
2466;
2487;
2510;
2523;
2514;
2500;
2466;
2440;
2448;
2469;
2508;
2531;
2530;
2504;
2470;
2428;
2420;
2460;
2507;
2542;
2543;
2507;
2452;
2418;
2420;
2475;
2516;
2546;
2536;
2492;
2452;
2414;
2427;
2450;
2512;
2556;
2544;
2514;
2450;
2412;
2408;
2442;
2506;
2554;
2559;
2526;
2460;
2412;
2400;
2436;
2504;
2554;
2566;
2546;
2476;
2419;
2406;
2433;
2484;
2530;
2547;
2539;
2498;
2448;
2428;
2412;
2451;
2519;
2547;
2550;
2522;
2462;
2422;
2400;
2434;
2502;
2542;
2559;
2522;
2464;
2424;
2395;
2448;
2494;
2541;
2544;
2500;
2464;
2439;
2438;
2460;
2507;
2514;
2523;
2496;
2480;
2459;
2459;
2483;
2483;
2509;
2504;
2494;
2480;
2471;
2470;
2475;
2488;
2506;
2506;
2496;
2471;
2462;
2452;
2478;
2506;
2523;
2518;
2484;
2451;
2428;
2446;
2486;
2530;
2526;
2514;
2475;
2452;
2436;
2440;
2490;
2520;
2528;
2510;
2491;
2459;
2446;
2450;
2482;
2500;
2518;
2520;
2498;
2478;
2451;
2448;
2463;
2484;
2516;
2522;
2508;
2480;
2456;
2460;
2464;
2488;
2502;
2510;
2512;
2484;
2474;
2464;
2467;
2476;
2492;
2492;
2512;
2500;
2484;
2468;
2464;
2465;
2464;
2492;
2516;
2511;
2498;
2482;
2454;
2446;
2467;
2495;
2512;
2520;
2496;
2476;
2452;
2442;
2461;
2492;
2510;
2523;
2515;
2491;
2464;
2452;
2466;
2468;
2498;
2523;
2530;
2526;
2482;
2448;
2422;
2436;
2476;
2538;
2554;
2540;
2494;
2428;
2395;
2410;
2476;
2544;
2576;
2559;
2492;
2426;
2387;
2406;
2452;
2530;
2570;
2566;
2519;
2460;
2414;
2406;
2424;
2495;
2538;
2559;
2538;
2498;
2442;
2412;
2418;
2453;
2511;
2547;
2556;
2534;
2491;
2438;
2402;
2418;
2460;
2524;
2558;
2559;
2518;
2456;
2410;
2392;
2430;
2485;
2556;
2576;
2556;
2491;
2418;
2388;
2410;
2458;
2535;
2566;
2566;
2522;
2460;
2416;
2404;
2430;
2487;
2535;
2551;
2541;
2496;
2456;
2418;
2420;
2440;
2492;
2539;
2547;
2531;
2490;
2432;
2412;
2428;
2470;
2531;
2548;
2543;
2496;
2453;
2434;
2426;
2465;
2508;
2532;
2532;
2494;
2460;
2436;
2450;
2486;
2511;
2516;
2504;
2480;
2458;
2460;
2471;
2500;
2507;
2514;
2490;
2468;
2458;
2467;
2482;
2498;
2514;
2498;
2485;
2466;
2450;
2474;
2485;
2504;
2515;
2511;
2488;
2471;
2454;
2457;
2472;
2500;
2508;
2516;
2503;
2478;
2464;
2451;
2455;
2482;
2504;
2514;
2522;
2497;
2471;
2443;
2458;
2471;
2490;
2512;
2510;
2503;
2490;
2464;
2454;
2448;
2471;
2506;
2516;
2515;
2486;
2472;
2459;
2455;
2467;
2492;
2507;
2515;
2500;
2486;
2468;
2459;
2464;
2482;
2508;
2515;
2503;
2487;
2469;
2464;
2472;
2468;
2486;
2508;
2503;
2504;
2482;
2456;
2450;
2472;
2484;
2512;
2518;
2500;
2491;
2446;
2442;
2456;
2491;
2512;
2527;
2512;
2470;
2438;
2446;
2474;
2498;
2518;
2506;
2499;
2478;
2452;
2455;
2482;
2502;
2506;
2499;
2487;
2464;
2472;
2464;
2497;
2498;
2508;
2472;
2466;
2477;
2472;
2502;
2506;
2504;
2484;
2478;
2443;
2475;
2452;
2523;
2508;
2514;
2514;
2432;
2484;
2400;
2492;
2499;
2509;
2554;
2466;
2488;
2424;
2428;
2455;
2488;
2530;
2540;
2508;
2480;
2446;
2426;
2459;
2471;
2532;
2521;
2544;
2484;
2454;
2443;
2402;
2494;
2480;
2558;
2542;
2488;
2502;
2396;
2423;
2459;
2480;
2555;
2540;
2518;
2508;
2392;
2427;
2444;
2448;
2572;
2508;
2546;
2482;
2412;
2478;
2418;
2479;
2512;
2492;
2532;
2480;
2464;
2492;
2422;
2488;
2512;
2444;
2522;
2483;
2474;
2532;
2424;
2503;
2487;
2422;
2543;
2442;
2502;
2524;
2440;
2522;
2484;
2443;
2535;
2434;
2470;
2551;
2408;
2559;
2456;
2481;
2538;
2384;
2510;
2456;
2482;
2538;
2488;
2508;
2492;
2416;
2483;
2458;
2462;
2554;
2460;
2547;
2466;
2455;
2482;
2426;
2508;
2478;
2534;
2490;
2476;
2475;
2450;
2476;
2496;
2506;
2492;
2493;
2456;
2481;
2464;
2504;
2515;
2480;
2510;
2432;
2462;
2464;
2496;
2538;
2510;
2506;
2458;
2458;
2438;
2492;
2484;
2534;
2516;
2494;
2502;
2428;
2471;
2450;
2471;
2520;
2488;
2508;
2512;
2470;
2466;
2444;
2434;
2504;
2480;
2534;
2535;
2466;
2485;
2410;
2447;
2488;
2480;
2539;
2512;
2496;
2492;
2426;
2448;
2482;
2467;
2515;
2506;
2514;
2507;
2455;
2487;
2450;
2468;
2484;
2504;
2516;
2512;
2494;
2466;
2467;
2443;
2476;
2488;
2501;
2512;
2506;
2488;
2476;
2468;
2443;
2472;
2484;
2512;
2512;
2508;
2484;
2460;
2448;
2450;
2482;
2500;
2531;
2504;
2488;
2448;
2440;
2478;
2478;
2521;
2532;
2499;
2475;
2454;
2450;
2467;
2492;
2511;
2533;
2494;
2486;
2452;
2446;
2468;
2471;
2518;
2519;
2508;
2496;
2466;
2454;
2456;
2464;
2495;
2515;
2516;
2518;
2472;
2466;
2448;
2454;
2483;
2486;
2514;
2531;
2500;
2484;
2448;
2444;
2458;
2484;
2523;
2524;
2519;
2492;
2460;
2438;
2448;
2483;
2510;
2528;
2524;
2498;
2452;
2435;
2454;
2480;
2510;
2522;
2511;
2498;
2464;
2463;
2471;
2467;
2500;
2502;
2500;
2490;
2476;
2485;
2471;
2491;
2471;
2482;
2474;
2486;
2508;
2504;
2508;
2472;
2454;
2438;
2466;
2483;
2510;
2532;
2508;
2498;
2464;
2450;
2440;
2466;
2488;
2510;
2524;
2519;
2506;
2472;
2448;
2427;
2434;
2467;
2524;
2556;
2556;
2530;
2452;
2409;
2384;
2422;
2491;
2567;
2608;
2559;
2480;
2392;
2354;
2394;
2466;
2559;
2607;
2584;
2504;
2403;
2366;
2380;
2447;
2538;
2585;
2602;
2532;
2440;
2374;
2367;
2428;
2506;
2578;
2608;
2547;
2472;
2396;
2367;
2419;
2483;
2572;
2590;
2559;
2491;
2396;
2366;
2403;
2479;
2559;
2599;
2568;
2506;
2412;
2367;
2388;
2447;
2536;
2594;
2589;
2536;
2442;
2390;
2378;
2418;
2495;
2567;
2598;
2556;
2484;
2416;
2367;
2380;
2454;
2532;
2584;
2586;
2534;
2456;
2402;
2378;
2410;
2492;
2551;
2586;
2568;
2502;
2432;
2386;
2399;
2448;
2530;
2576;
2580;
2528;
2451;
2397;
2387;
2430;
2501;
2554;
2559;
2536;
2472;
2420;
2402;
2425;
2486;
2534;
2548;
2530;
2490;
2440;
2432;
2443;
2459;
2506;
2530;
2542;
2512;
2468;
2442;
2434;
2455;
2486;
2514;
2527;
2516;
2486;
2459;
2454;
2454;
2479;
2508;
2512;
2497;
2480;
2477;
2470;
2471;
2490;
2492;
2494;
2488;
2476;
2490;
2482;
2484;
2484;
2488;
2491;
2472;
2472;
2476;
2483;
2495;
2490;
2492;
2486;
2482;
2480;
2470;
2475;
2471;
2475;
2494;
2500;
2496;
2491;
2482;
2461;
2467;
2464;
2480;
2491;
2512;
2518;
2504;
2477;
2456;
2450;
2463;
2482;
2508;
2522;
2519;
2496;
2467;
2448;
2439;
2462;
2492;
2524;
2534;
2526;
2486;
2454;
2432;
2444;
2458;
2498;
2534;
2543;
2523;
2472;
2438;
2418;
2435;
2483;
2525;
2551;
2524;
2495;
2454;
2424;
2424;
2461;
2508;
2529;
2534;
2504;
2468;
2436;
2440;
2456;
2490;
2511;
2524;
2515;
2500;
2474;
2444;
2448;
2454;
2494;
2523;
2530;
2534;
2498;
2472;
2432;
2433;
2454;
2496;
2538;
2554;
2522;
2486;
2446;
2420;
2434;
2480;
2516;
2547;
2528;
2508;
2455;
2432;
2441;
2458;
2500;
2526;
2523;
2503;
2471;
2454;
2462;
2463;
2482;
2498;
2500;
2503;
2490;
2482;
2474;
2465;
2484;
2482;
2480;
2482;
2480;
2486;
2496;
2487;
2486;
2486;
2472;
2490;
2476;
2488;
2491;
2491;
2512;
2491;
2480;
2459;
2460;
2471;
2498;
2509;
2519;
2510;
2484;
2454;
2448;
2471;
2482;
2527;
2532;
2510;
2484;
2446;
2440;
2462;
2491;
2515;
2528;
2512;
2476;
2455;
2425;
2443;
2489;
2518;
2528;
2507;
2478;
2459;
2448;
2460;
2491;
2508;
2514;
2500;
2477;
2470;
2462;
2478;
2482;
2500;
2502;
2494;
2487;
2468;
2483;
2484;
2476;
2484;
2500;
2498;
2499;
2476;
2470;
2468;
2467;
2496;
2502;
2512;
2500;
2482;
2462;
2446;
2466;
2488;
2502;
2524;
2512;
2483;
2452;
2443;
2454;
2492;
2518;
2518;
2520;
2482;
2468;
2446;
2448;
2458;
2492;
2520;
2528;
2508;
2478;
2454;
2432;
2456;
2482;
2506;
2536;
2528;
2506;
2464;
2436;
2442;
2460;
2503;
2524;
2532;
2520;
2478;
2444;
2438;
2446;
2478;
2524;
2538;
2538;
2487;
2451;
2424;
2438;
2479;
2516;
2536;
2524;
2503;
2454;
2438;
2439;
2459;
2506;
2524;
2528;
2502;
2476;
2440;
2448;
2464;
2486;
2504;
2528;
2515;
2480;
2458;
2438;
2456;
2482;
2512;
2538;
2520;
2492;
2458;
2442;
2455;
2476;
2508;
2519;
2514;
2492;
2466;
2448;
2464;
2479;
2508;
2512;
2504;
2484;
2471;
2470;
2468;
2484;
2491;
2502;
2504;
2485;
2480;
2462;
2483;
2485;
2488;
2506;
2490;
2475;
2484;
2478;
2472;
2475;
2476;
2500;
2494;
2501;
2504;
2472;
2480;
2464;
2466;
2479;
2480;
2511;
2507;
2508;
2480;
2464;
2452;
2462;
2482;
2506;
2519;
2516;
2508;
2479;
2457;
2440;
2452;
2491;
2523;
2551;
2526;
2486;
2454;
2437;
2436;
2475;
2515;
2534;
2530;
2496;
2464;
2426;
2428;
2468;
2508;
2543;
2526;
2488;
2464;
2446;
2452;
2476;
2494;
2524;
2520;
2492;
2478;
2448;
2448;
2463;
2486;
2512;
2516;
2506;
2487;
2456;
2451;
2452;
2470;
2510;
2518;
2522;
2483;
2458;
2450;
2454;
2489;
2507;
2515;
2506;
2484;
2467;
2452;
2466;
2490;
2504;
2515;
2500;
2480;
2470;
2459;
2482;
2491;
2510;
2512;
2488;
2473;
2456;
2456;
2478;
2499;
2524;
2518;
2488;
2462;
2444;
2460;
2483;
2511;
2519;
2506;
2480;
2460;
2455;
2475;
2486;
2504;
2500;
2486;
2478;
2464;
2475;
2486;
2482;
2481;
2472;
2478;
2480;
2498;
2500;
2499;
2484;
2472;
2468;
2466;
2483;
2487;
2504;
2499;
2490;
2483;
2466;
2468;
2460;
2482;
2500;
2514;
2510;
2498;
2471;
2446;
2451;
2470;
2511;
2519;
2514;
2502;
2472;
2462;
2450;
2459;
2491;
2510;
2524;
2508;
2488;
2462;
2442;
2444;
2474;
2500;
2535;
2528;
2508;
2468;
2418;
2422;
2446;
2504;
2556;
2536;
2514;
2452;
2404;
2414;
2450;
2507;
2544;
2544;
2512;
2470;
2436;
2426;
2447;
2484;
2522;
2539;
2524;
2504;
2459;
