-1;
-1;
-1;
-1;
-1;
-1;
-1;
-1;
-1;
-1;
-1;
-1;
-1;
-1;
-1;
-1;
-1;
-1;
-1;
-1;
-1;
-1;
-1;
-1;
-1;
-1;
-1;
-1;
-1;
-1;
-1;
-1;
-1;
-1;
-1;
-1;
-1;
-1;
-1;
-1;
-1;
-1;
-1;
-1;
-1;
-1;
-1;
-1;
-1;
-1;
-1;
-1;
-1;
-1;
-1;
-1;
-1;
-1;
-1;
-1;
-1;
-1;
-1;
-1;
-1;
-1;
-1;
-1;
-1;
-1;
-1;
-1;
-1;
-1;
-1;
-1;
-1;
-1;
-1;
-1;
-1;
-1;
-1;
-1;
-1;
-1;
-1;
-1;
-1;
-1;
-1;
-1;
-1;
-1;
-1;
-1;
-1;
-1;
-1;
-1;
-1;
-1;
-1;
-1;
-1;
-1;
-1;
-1;
-1;
-1;
-1;
-1;
-1;
-1;
-1;
-1;
-1;
-1;
-1;
-1;
-1;
-1;
-1;
-1;
-1;
-1;
-1;
-1;
-1;
-1;
-1;
-1;
-1;
-1;
-1;
-1;
-1;
-1;
-1;
-1;
-1;
-1;
-1;
-1;
-1;
-1;
-1;
-1;
-1;
-1;
-1;
-1;
-1;
-1;
-1;
-1;
-1;
-1;
-1;
-1;
-1;
-1;
-1;
-1;
-1;
-1;
-1;
-1;
-1;
-1;
-1;
-1;
-1;
-1;
-1;
-1;
-1;
-1;
-1;
-1;
-1;
-1;
-1;
-1;
-1;
-1;
-1;
-1;
-1;
-1;
-1;
-1;
-1;
-1;
-1;
-1;
-1;
-1;
-1;
-1;
-1;
-1;
-1;
-1;
-1;
-1;
-1;
-1;
-1;
-1;
-1;
-1;
-1;
-1;
-1;
-1;
-1;
-1;
-1;
-1;
-1;
-1;
-1;
-1;
-1;
-1;
-1;
-1;
-1;
-1;
-1;
-1;
-1;
-1;
-1;
-1;
-1;
-1;
-1;
-1;
-1;
-1;
-1;
-1;
-1;
-1;
-1;
-1;
-1;
-1;
-1;
-1;
-1;
-1;
-1;
-1;
-1;
-1;
-1;
-1;
-1;
-1;
-1;
-1;
-1;
-1;
-1;
-1;
-1;
-1;
-1;
-1;
-1;
-1;
-1;
-1;
-1;
-1;
-1;
-1;
-1;
-1;
-1;
-1;
-1;
-1;
-1;
-1;
-1;
-1;
-1;
-1;
-1;
-1;
-1;
-1;
-1;
-1;
-1;
-1;
-1;
-1;
-1;
-1;
-1;
-1;
-1;
-1;
-1;
-1;
-1;
-1;
-1;
-1;
-1;
-1;
-1;
-1;
-1;
-1;
-1;
-1;
-1;
-1;
-1;
-1;
-1;
-1;
-1;
-1;
-1;
-1;
-1;
-1;
-1;
-1;
-1;
-1;
-1;
-1;
-1;
-1;
-1;
-1;
-1;
-1;
-1;
-1;
-1;
-1;
-1;
-1;
-1;
-1;
-1;
-1;
-1;
-1;
-1;
-1;
-1;
-1;
-1;
-1;
-1;
-1;
-1;
-1;
-1;
-1;
-1;
-1;
-1;
-1;
-1;
-1;
-1;
-1;
-1;
-1;
-1;
-1;
-1;
-1;
-1;
-1;
-1;
-1;
-1;
-1;
-1;
-1;
-1;
-1;
-1;
-1;
-1;
-1;
-1;
-1;
-1;
-1;
-1;
-1;
-1;
-1;
-1;
-1;
-1;
-1;
-1;
-1;
-1;
-1;
-1;
-1;
-1;
-1;
-1;
-1;
-1;
-1;
-1;
-1;
-1;
-1;
-1;
-1;
-1;
-1;
-1;
-1;
-1;
-1;
-1;
-1;
-1;
-1;
-1;
-1;
-1;
-1;
-1;
-1;
-1;
-1;
-1;
-1;
-1;
-1;
-1;
-1;
-1;
-1;
-1;
-1;
-1;
-1;
-1;
-1;
-1;
-1;
-1;
-1;
-1;
-1;
-1;
-1;
-1;
-1;
-1;
-1;
-1;
-1;
-1;
-1;
-1;
-1;
-1;
-1;
-1;
-1;
-1;
-1;
-1;
-1;
-1;
-1;
-1;
-1;
-1;
-1;
-1;
-1;
-1;
-1;
-1;
-1;
-1;
-1;
-1;
-1;
-1;
-1;
-1;
-1;
-1;
-1;
-1;
-1;
-1;
-1;
-1;
-1;
-1;
-1;
-1;
-1;
-1;
-1;
-1;
-1;
-1;
-1;
-1;
-1;
-1;
-1;
-1;
-1;
-1;
-1;
-1;
-1;
-1;
-1;
-1;
-1;
-1;
-1;
-1;
-1;
-1;
-1;
-1;
-1;
-1;
-1;
-1;
-1;
-1;
-1;
-1;
-1;
-1;
-1;
-1;
-1;
-1;
-1;
-1;
-1;
-1;
-1;
-1;
-1;
-1;
-1;
-1;
-1;
-1;
-1;
-1;
-1;
-1;
-1;
-1;
-1;
-1;
-1;
-1;
-1;
-1;
-1;
-1;
-1;
-1;
-1;
-1;
-1;
-1;
-1;
-1;
-1;
-1;
-1;
-1;
-1;
-1;
-1;
-1;
-1;
-1;
-1;
-1;
-1;
-1;
-1;
-1;
-1;
-1;
-1;
-1;
-1;
-1;
-1;
-1;
-1;
-1;
-1;
-1;
-1;
-1;
-1;
-1;
-1;
-1;
-1;
-1;
-1;
-1;
-1;
-1;
-1;
-1;
-1;
-1;
-1;
-1;
-1;
-1;
-1;
-1;
-1;
-1;
-1;
-1;
-1;
-1;
-1;
-1;
-1;
-1;
-1;
-1;
-1;
-1;
-1;
-1;
-1;
-1;
-1;
-1;
-1;
-1;
-1;
-1;
-1;
-1;
-1;
-1;
-1;
-1;
-1;
-1;
-1;
-1;
-1;
-1;
-1;
-1;
-1;
-1;
-1;
-1;
-1;
-1;
-1;
-1;
-1;
-1;
-1;
-1;
-1;
-1;
-1;
-1;
-1;
-1;
-1;
-1;
-1;
-1;
-1;
-1;
-1;
-1;
-1;
-1;
-1;
-1;
-1;
-1;
-1;
-1;
-1;
-1;
-1;
-1;
-1;
-1;
-1;
-1;
-1;
-1;
-1;
-1;
-1;
-1;
-1;
-1;
-1;
-1;
-1;
-1;
-1;
-1;
-1;
-1;
-1;
-1;
-1;
-1;
-1;
-1;
-1;
-1;
-1;
-1;
-1;
-1;
-1;
-1;
-1;
-1;
-1;
-1;
-1;
-1;
-1;
-1;
-1;
-1;
-1;
-1;
-1;
-1;
-1;
-1;
-1;
-1;
-1;
-1;
-1;
-1;
-1;
-1;
-1;
-1;
-1;
-1;
-1;
-1;
-1;
-1;
-1;
-1;
-1;
-1;
-1;
-1;
-1;
-1;
-1;
-1;
-1;
-1;
-1;
-1;
-1;
-1;
-1;
-1;
-1;
-1;
-1;
-1;
-1;
-1;
-1;
-1;
-1;
-1;
-1;
-1;
-1;
-1;
-1;
-1;
-1;
-1;
-1;
-1;
-1;
-1;
-1;
-1;
-1;
-1;
-1;
-1;
-1;
-1;
-1;
-1;
-1;
-1;
-1;
-1;
-1;
-1;
-1;
-1;
-1;
-1;
-1;
-1;
-1;
-1;
-1;
-1;
-1;
-1;
-1;
-1;
-1;
-1;
-1;
-1;
-1;
-1;
-1;
-1;
-1;
-1;
-1;
-1;
-1;
-1;
-1;
-1;
-1;
-1;
-1;
-1;
-1;
-1;
-1;
-1;
-1;
-1;
-1;
-1;
-1;
-1;
-1;
-1;
-1;
-1;
-1;
-1;
-1;
-1;
-1;
-1;
-1;
-1;
-1;
-1;
-1;
-1;
-1;
-1;
-1;
-1;
-1;
-1;
-1;
-1;
-1;
-1;
-1;
-1;
-1;
-1;
-1;
-1;
-1;
-1;
-1;
-1;
-1;
-1;
-1;
-1;
-1;
-1;
-1;
-1;
-1;
-1;
-1;
-1;
-1;
-1;
-1;
-1;
-1;
-1;
-1;
-1;
-1;
-1;
-1;
-1;
-1;
-1;
-1;
-1;
-1;
-1;
-1;
-1;
-1;
-1;
-1;
-1;
-1;
-1;
-1;
-1;
-1;
-1;
-1;
-1;
-1;
-1;
-1;
-1;
-1;
-1;
-1;
-1;
-1;
-1;
-1;
-1;
-1;
-1;
-1;
-1;
-1;
-1;
-1;
-1;
-1;
-1;
-1;
-1;
-1;
-1;
-1;
-1;
-1;
-1;
-1;
-1;
-1;
-1;
-1;
-1;
-1;
-1;
-1;
-1;
-1;
-1;
-1;
-1;
-1;
-1;
-1;
-1;
-1;
-1;
-1;
-1;
-1;
-1;
-1;
-1;
-1;
-1;
-1;
-1;
-1;
-1;
-1;
-1;
-1;
-1;
-1;
-1;
-1;
-1;
-1;
-1;
-1;
-1;
-1;
-1;
-1;
-1;
-1;
-1;
-1;
-1;
-1;
-1;
-1;
-1;
-1;
-1;
-1;
-1;
-1;
-1;
-1;
-1;
-1;
-1;
-1;
-1;
-1;
-1;
-1;
-1;
-1;
-1;
-1;
-1;
-1;
-1;
-1;
-1;
-1;
-1;
-1;
-1;
-1;
-1;
-1;
-1;
-1;
-1;
-1;
-1;
-1;
-1;
-1;
-1;
-1;
-1;
-1;
-1;
-1;
-1;
-1;
-1;
-1;
-1;
-1;
-1;
-1;
-1;
-1;
-1;
-1;
-1;
-1;
-1;
-1;
-1;
-1;
-1;
-1;
-1;
-1;
-1;
-1;
-1;
-1;
-1;
-1;
-1;
-1;
-1;
-1;
-1;
-1;
-1;
-1;
-1;
-1;
-1;
-1;
-1;
-1;
-1;
-1;
-1;
-1;
-1;
-1;
-1;
-1;
-1;
-1;
-1;
-1;
-1;
-1;
-1;
-1;
-1;
-1;
-1;
-1;
-1;
-1;
-1;
-1;
-1;
-1;
-1;
-1;
-1;
-1;
-1;
-1;
-1;
-1;
-1;
-1;
-1;
-1;
-1;
-1;
-1;
-1;
-1;
-1;
-1;
-1;
-1;
-1;
-1;
-1;
-1;
-1;
-1;
-1;
-1;
-1;
-1;
-1;
-1;
-1;
-1;
-1;
-1;
-1;
-1;
-1;
-1;
-1;
-1;
-1;
-1;
-1;
-1;
-1;
-1;
-1;
-1;
-1;
-1;
-1;
-1;
0;
880;
1295;
720;
1159;
1519;
1466;
1967;
1368;
1895;
1776;
1693;
2031;
1496;
2215;
1928;
1855;
1927;
1648;
2356;
1672;
2103;
2270;
1972;
2379;
1616;
2335;
2111;
2046;
2439;
1792;
2615;
2128;
2191;
2359;
1968;
2687;
1824;
2334;
2519;
2208;
2671;
1920;
2615;
2280;
2137;
2595;
1984;
2785;
2280;
2302;
2575;
2104;
2791;
1952;
2411;
2654;
2192;
2735;
2072;
2756;
2408;
2121;
2650;
2048;
2780;
2312;
2390;
2687;
2192;
2774;
2048;
2510;
2687;
2224;
2703;
2184;
2775;
2432;
2212;
2710;
2176;
2717;
2296;
2415;
2710;
2272;
2735;
2128;
2527;
2630;
2216;
2663;
2256;
2775;
2400;
2265;
2695;
2224;
2671;
2264;
2514;
2687;
2288;
2687;
2160;
2581;
2578;
2288;
2654;
2300;
2715;
2288;
2322;
2743;
2352;
2719;
2272;
2483;
2539;
2216;
2702;
2312;
2750;
2552;
2264;
2567;
2224;
2724;
2336;
2482;
2764;
2272;
2611;
2208;
2575;
2582;
2296;
2707;
2240;
2669;
2440;
2342;
2665;
2288;
2709;
2248;
2452;
2723;
2256;
2619;
2240;
2631;
2568;
2290;
2732;
2232;
2623;
2384;
2347;
2735;
2336;
2724;
2240;
2414;
2651;
2224;
2708;
2366;
2671;
2474;
2160;
2687;
2272;
2678;
2464;
2390;
2658;
2216;
2662;
2320;
2534;
2679;
2192;
2590;
2328;
2652;
2546;
2308;
2718;
2240;
2527;
2389;
2427;
2739;
2328;
2669;
2264;
2423;
2603;
2256;
2687;
2408;
2644;
2436;
2258;
2679;
2288;
2599;
2448;
2487;
2657;
2234;
2615;
2312;
2527;
2614;
2288;
2647;
2362;
2612;
2424;
2343;
2725;
2288;
2550;
2400;
2471;
2609;
2272;
2671;
2400;
2530;
2542;
2248;
2596;
2352;
2639;
2496;
2419;
2687;
2224;
2503;
2400;
2551;
2639;
2312;
2647;
2302;
2468;
2515;
2386;
2718;
2384;
2575;
2336;
2359;
2679;
2338;
2635;
2434;
2499;
2492;
2256;
2687;
2408;
2559;
2488;
2316;
2611;
2340;
2643;
2468;
2448;
2623;
2200;
2527;
2427;
2594;
2599;
2314;
2663;
2290;
2475;
2502;
2432;
2695;
2336;
2595;
2424;
2436;
2623;
2272;
2575;
2424;
2549;
2554;
2348;
2677;
2312;
2463;
2476;
2444;
2683;
2360;
2588;
2400;
2407;
2586;
2304;
2612;
2448;
2518;
2496;
2340;
2687;
2366;
2509;
2464;
2392;
2583;
2337;
2647;
2476;
2460;
2538;
2260;
2566;
2436;
2587;
2550;
2387;
2629;
2288;
2476;
2508;
2499;
2623;
2328;
2577;
2392;
2447;
2578;
2396;
2639;
2400;
2489;
2453;
2386;
2658;
2372;
2531;
2476;
2432;
2546;
2336;
2636;
2442;
2466;
2524;
2336;
2571;
2386;
2540;
2510;
2448;
2634;
2312;
2503;
2459;
2470;
2559;
2366;
2638;
2418;
2458;
2523;
2378;
2596;
2380;
2541;
2500;
2436;
2611;
2352;
2555;
2483;
2464;
2507;
2336;
2606;
2440;
2523;
2559;
2416;
2547;
2312;
2510;
2484;
2479;
2642;
2384;
2548;
2416;
2435;
2504;
2388;
2646;
2416;
2476;
2516;
2420;
2574;
2376;
2537;
2460;
2416;
2558;
2390;
2595;
2474;
2474;
2494;
2366;
2600;
2408;
2518;
2528;
2432;
2546;
2354;
2567;
2496;
2464;
2555;
2352;
2538;
2432;
2516;
2564;
2442;
2583;
2336;
2447;
2503;
2483;
2618;
2432;
2559;
2416;
2394;
2514;
2416;
2599;
2460;
2500;
2486;
2392;
2571;
2404;
2527;
2500;
2448;
2535;
2392;
2567;
2467;
2466;
2540;
2408;
2554;
2410;
2475;
2484;
2419;
2582;
2424;
2559;
2498;
2436;
2504;
2378;
2572;
2458;
2491;
2535;
2420;
2554;
2400;
2515;
2498;
2434;
2555;
2380;
2555;
2504;
2492;
2534;
2378;
2529;
2402;
2483;
2559;
2474;
2572;
2392;
2483;
2456;
2448;
2591;
2448;
2551;
2440;
2432;
2499;
2422;
2604;
2448;
2492;
2495;
2393;
2519;
2411;
2566;
2518;
2472;
2534;
2380;
2518;
2448;
2475;
2528;
2432;
2590;
2448;
2479;
2494;
2418;
2512;
2420;
2574;
2504;
2468;
2541;
2392;
2507;
2434;
2500;
2535;
2458;
2567;
2404;
2487;
2496;
2450;
2538;
2404;
2538;
2448;
2463;
2567;
2448;
2551;
2408;
2443;
2472;
2438;
2595;
2456;
2523;
2467;
2400;
2491;
2432;
2604;
2498;
2472;
2488;
2374;
2516;
2453;
2567;
2542;
2416;
2508;
2363;
2503;
2515;
2502;
2546;
2410;
2515;
2409;
2454;
2542;
2472;
2567;
2440;
2503;
2470;
2418;
2532;
2418;
2532;
2488;
2495;
2539;
2426;
2535;
2394;
2429;
2520;
2460;
2586;
2460;
2530;
2454;
2398;
2523;
2384;
2539;
2483;
2512;
2551;
2434;
2539;
2376;
2433;
2483;
2466;
2587;
2512;
2568;
2456;
2338;
2482;
2384;
2599;
2559;
2564;
2526;
2336;
2510;
2342;
2491;
2504;
2532;
2619;
2432;
2559;
2372;
2408;
2436;
2408;
2574;
2559;
2603;
2568;
2348;
2438;
2280;
2467;
2639;
2584;
2623;
2344;
2443;
2412;
2359;
2623;
2464;
2616;
2448;
2422;
2501;
2298;
2620;
2432;
2591;
2464;
2443;
2487;
2474;
2536;
2488;
2466;
2456;
2490;
2374;
2547;
2386;
2549;
2506;
2667;
2559;
2482;
2434;
2312;
2323;
2247;
2603;
2572;
2815;
2746;
2484;
2355;
2068;
2175;
2295;
2539;
2943;
2940;
2736;
2522;
1992;
1936;
1975;
2551;
2995;
3094;
3032;
2304;
2054;
1608;
2327;
2588;
3054;
2998;
2512;
2419;
1954;
2255;
2427;
2687;
2744;
2636;
2384;
2403;
2234;
2503;
2671;
2546;
2520;
2240;
2538;
2460;
2669;
2580;
2456;
2436;
2200;
2607;
2352;
2682;
2592;
2384;
2539;
2232;
2662;
2516;
2546;
2551;
2178;
2318;
2400;
2727;
2828;
2694;
2464;
2180;
2018;
2239;
2580;
2887;
2930;
2704;
2432;
2032;
2105;
2156;
2583;
2788;
2852;
2876;
2400;
2379;
2000;
2183;
2429;
2551;
2919;
2728;
2748;
2360;
2175;
2147;
2206;
2562;
2730;
2879;
2656;
2464;
2280;
2160;
2303;
2478;
2640;
2686;
2610;
2588;
2434;
2280;
2378;
2320;
2487;
2551;
2634;
2706;
2474;
2509;
2264;
2340;
2388;
2509;
2673;
2514;
2608;
2384;
2441;
2432;
2424;
2587;
2400;
2535;
2480;
2480;
2592;
2448;
2507;
2388;
2405;
2519;
2493;
2623;
2520;
2436;
2420;
2349;
2535;
2523;
2595;
2544;
2360;
2438;
2332;
2567;
2610;
2570;
2566;
2232;
2399;
2367;
2543;
2730;
2580;
2607;
2256;
2314;
2358;
2444;
2695;
2616;
2644;
2420;
2346;
2401;
2320;
2503;
2496;
2572;
2647;
2546;
2639;
2376;
2288;
2283;
2289;
2618;
2662;
2802;
2616;
2360;
2326;
2175;
2447;
2511;
2615;
2614;
2472;
2578;
2434;
2556;
2471;
2362;
2358;
2276;
2559;
2659;
2724;
2658;
2352;
2282;
2195;
2383;
2615;
2685;
2734;
2468;
2352;
2316;
2331;
2539;
2547;
2652;
2498;
2428;
2463;
2367;
2532;
2448;
2535;
2522;
2451;
2574;
2412;
2516;
2448;
2451;
2494;
2386;
2559;
2490;
2559;
2568;
2450;
2461;
2332;
2407;
2492;
2550;
2703;
2554;
2490;
2331;
2238;
2396;
2410;
2695;
2694;
2664;
2570;
2290;
2319;
2172;
2395;
2572;
2670;
2815;
2544;
2464;
2274;
2260;
2447;
2449;
2647;
2550;
2466;
2528;
2418;
2596;
2488;
2496;
2422;
2316;
2467;
2402;
2603;
2578;
2640;
2592;
2438;
2412;
2229;
2303;
2442;
2591;
2783;
2687;
2584;
2416;
2152;
2303;
2286;
2495;
2667;
2652;
2780;
2536;
2524;
2256;
2154;
2195;
2292;
2670;
2823;
3019;
2752;
2384;
2050;
1809;
2143;
2491;
2979;
3191;
2930;
2544;
1928;
1723;
2027;
2471;
3063;
3190;
2912;
2416;
1936;
1987;
2175;
2597;
2830;
2758;
2623;
2400;
2454;
2382;
2487;
2454;
2328;
2467;
2456;
2726;
2664;
2512;
2400;
2154;
2358;
2487;
2716;
2794;
2576;
2392;
2128;
2200;
2446;
2638;
2842;
2740;
2520;
2264;
2150;
2315;
2423;
2727;
2748;
2644;
2486;
2227;
2335;
2298;
2548;
2676;
2576;
2615;
2370;
2428;
2379;
2435;
2578;
2456;
2582;
2502;
2504;
2514;
2432;
2480;
2324;
2431;
2526;
2559;
2672;
2559;
2488;
2303;
2240;
2395;
2447;
2703;
2707;
2620;
2504;
2256;
2330;
2288;
2483;
2616;
2596;
2670;
2512;
2488;
2324;
2311;
2396;
2379;
2605;
2654;
2699;
2604;
2367;
2330;
2201;
2396;
2571;
2642;
2711;
2520;
2471;
2346;
2362;
2492;
2448;
2540;
2487;
2536;
2556;
2496;
2549;
2360;
2388;
2385;
2436;
2612;
2559;
2647;
2456;
2384;
2433;
2367;
2523;
2480;
2539;
2512;
2438;
2538;
2460;
2514;
2448;
2396;
2471;
2467;
2639;
2576;
2518;
2448;
2288;
2394;
2395;
2595;
2623;
2550;
2583;
2378;
2443;
2403;
2424;
2503;
2424;
2566;
2524;
2582;
2598;
2452;
2408;
2256;
2375;
2492;
2596;
2743;
2592;
2496;
2294;
2259;
2403;
2478;
2700;
2623;
2546;
2452;
2316;
2419;
2407;
2586;
2580;
2496;
2507;
2392;
2471;
2472;
2514;
2532;
2424;
2472;
2444;
2498;
2554;
2508;
2531;
2403;
2463;
2466;
2463;
2553;
2461;
2510;
2446;
2483;
2543;
2466;
2540;
2427;
2447;
2444;
2452;
2556;
2488;
2559;
2480;
2434;
2464;
2426;
2483;
2456;
2492;
2545;
2526;
2595;
2496;
2418;
2342;
2302;
2487;
2548;
2705;
2640;
2480;
2384;
2260;
2378;
2443;
2602;
2648;
2552;
2520;
2408;
2426;
2430;
2422;
2491;
2420;
2518;
2559;
2596;
2603;
2433;
2390;
2256;
2359;
2540;
2616;
2742;
2580;
2496;
2308;
2253;
2378;
2455;
2660;
2648;
2596;
2523;
2360;
2394;
2339;
2436;
2531;
2496;
2609;
2544;
2575;
2482;
2366;
2400;
2336;
2459;
2530;
2618;
2652;
2559;
2482;
2349;
2278;
2367;
2422;
2636;
2670;
2662;
2518;
2312;
2340;
2328;
2526;
2606;
2631;
2568;
2376;
2399;
2367;
2502;
2590;
2568;
2530;
2380;
2392;
2428;
2505;
2591;
2554;
2510;
2432;
2384;
2441;
2464;
2558;
2534;
2518;
2491;
2410;
2447;
2440;
2514;
2514;
2467;
2508;
2438;
2518;
2498;
2520;
2486;
2387;
2458;
2462;
2575;
2580;
2531;
2454;
2330;
2406;
2458;
2611;
2656;
2536;
2446;
2328;
2366;
2463;
2547;
2640;
2559;
2484;
2402;
2374;
2459;
2474;
2551;
2515;
2484;
2526;
2456;
2526;
2456;
2464;
2479;
2436;
2519;
2484;
2543;
2498;
2448;
2480;
2420;
2503;
2488;
2507;
2532;
2468;
2496;
2440;
2448;
2472;
2452;
2539;
2551;
2559;
2496;
2392;
2407;
2378;
2486;
2587;
2619;
2599;
2416;
2359;
2335;
2463;
2618;
2618;
2598;
2416;
2350;
2352;
2450;
2616;
2600;
2572;
2424;
2367;
2419;
2462;
2575;
2536;
2469;
2418;
2408;
2510;
2559;
2604;
2510;
2387;
2342;
2358;
2492;
2588;
2654;
2600;
2444;
2390;
2322;
2402;
2500;
2567;
2632;
2544;
2496;
2388;
2363;
2455;
2483;
2574;
2534;
2520;
2456;
2394;
2468;
2481;
2538;
2542;
2502;
2467;
2394;
2431;
2476;
2547;
2604;
2526;
2466;
2352;
2386;
2462;
2551;
2659;
2574;
2458;
2312;
2303;
2443;
2546;
2671;
2600;
2476;
2390;
2339;
2466;
2540;
2574;
2498;
2367;
2390;
2442;
2599;
2670;
2604;
2480;
2248;
2266;
2364;
2559;
2736;
2708;
2588;
2340;
2252;
2285;
2443;
2657;
2695;
2614;
2432;
2312;
2353;
2453;
2631;
2643;
2536;
2416;
2292;
2383;
2479;
2607;
2648;
2532;
2476;
2352;
2384;
2419;
2495;
2559;
2536;
2547;
2482;
2464;
2432;
2426;
2458;
2475;
2489;
2492;
2490;
2543;
2520;
2540;
2500;
2398;
2358;
2323;
2483;
2615;
2708;
2660;
2480;
2324;
2228;
2319;
2510;
2679;
2736;
2628;
2472;
2288;
2241;
2303;
2478;
2675;
2732;
2698;
2512;
2300;
2254;
2275;
2461;
2623;
2675;
2644;
2464;
2392;
2350;
2407;
2510;
2524;
2557;
2488;
2466;
2454;
2467;
2515;
2496;
2474;
2440;
2446;
2476;
2483;
2543;
2532;
2508;
2472;
2414;
2451;
2455;
2519;
2515;
2500;
2512;
2442;
2458;
2488;
2515;
2512;
2459;
2462;
2459;
2460;
2557;
2528;
2554;
2458;
2416;
2385;
2420;
2538;
2572;
2623;
2534;
2438;
2346;
2331;
2460;
2558;
2644;
2616;
2488;
2372;
2312;
2363;
2500;
2607;
2676;
2554;
2424;
2338;
2320;
2443;
2534;
2636;
2592;
2500;
2400;
2362;
2428;
2483;
2554;
2550;
2516;
2476;
2408;
2462;
2490;
2490;
2500;
2480;
2524;
2470;
2487;
2478;
2464;
2478;
2478;
2520;
2498;
2498;
2480;
2464;
2488;
2502;
2483;
2462;
2448;
2484;
2499;
2538;
2555;
2466;
2442;
2376;
2431;
2501;
2566;
2579;
2492;
2456;
2403;
2413;
2458;
2520;
2570;
2515;
2482;
2421;
2412;
2487;
2507;
2552;
2516;
2458;
2421;
2390;
2486;
2540;
2548;
2540;
2472;
2428;
2398;
2436;
2496;
2527;
2528;
2512;
2491;
2478;
2474;
2472;
2467;
2488;
2464;
2496;
2508;
2520;
2535;
2464;
2455;
2424;
2430;
2486;
2514;
2559;
2538;
2491;
2428;
2406;
2434;
2480;
2524;
2526;
2534;
2491;
2448;
2464;
2448;
2458;
2478;
2474;
2527;
2525;
2509;
2487;
2432;
2470;
2456;
2482;
2526;
2496;
2498;
2444;
2479;
2491;
2488;
2489;
2488;
2478;
2460;
2500;
2508;
2512;
2496;
2442;
2450;
2466;
2504;
2539;
2506;
2486;
2442;
2435;
2486;
2506;
2536;
2520;
2464;
2460;
2451;
2491;
2494;
2503;
2495;
2472;
2470;
2469;
2512;
2499;
2491;
2478;
2460;
2478;
2468;
2504;
2500;
2490;
2491;
2474;
2484;
2480;
2470;
2464;
2468;
2506;
2507;
2510;
2494;
2476;
2464;
2436;
2471;
2488;
2519;
2516;
2476;
2486;
2459;
2470;
2486;
2473;
2507;
2468;
2495;
2508;
2480;
2498;
2468;
2477;
2480;
2472;
2506;
2474;
2496;
2488;
2495;
2490;
2475;
2481;
2468;
2486;
2502;
2480;
2491;
2466;
2491;
2486;
2488;
2494;
2462;
2488;
2490;
2496;
2494;
2472;
2483;
2450;
2467;
2504;
2510;
2512;
2478;
2467;
2448;
2448;
2499;
2510;
2532;
2494;
2467;
2460;
2448;
2484;
2482;
2496;
2511;
2503;
2492;
2474;
2480;
2446;
2447;
2471;
2502;
2547;
2528;
2504;
2448;
2428;
2443;
2462;
2524;
2544;
2523;
2488;
2450;
2450;
2446;
2478;
2514;
2508;
2526;
2499;
2482;
2440;
2428;
2459;
2482;
2549;
2558;
2524;
2474;
2416;
2425;
2435;
2504;
2554;
2540;
2510;
2444;
2440;
2438;
2471;
2519;
2502;
2507;
2486;
2464;
2478;
2472;
2492;
2468;
2475;
2484;
2481;
2512;
2494;
2506;
2476;
2454;
2458;
2448;
2508;
2516;
2504;
2492;
2452;
2472;
2460;
2496;
2528;
2478;
2462;
2440;
2475;
2522;
2546;
2554;
2472;
2419;
2388;
2415;
2499;
2572;
2592;
2516;
2456;
2406;
2400;
2475;
2531;
2554;
2520;
2474;
2450;
2422;
2458;
2495;
2507;
2518;
2500;
2492;
2459;
2480;
2476;
2466;
2468;
2462;
2475;
2494;
2543;
2544;
2492;
2467;
2396;
2384;
2455;
2519;
2607;
2578;
2528;
2438;
2354;
2374;
2450;
2559;
2618;
2588;
2494;
2364;
2338;
2395;
2527;
2648;
2632;
2516;
2360;
2338;
2403;
2520;
2623;
2594;
2482;
2344;
2328;
2447;
2580;
2683;
2622;
2464;
2338;
2299;
2399;
2516;
2638;
2623;
2522;
2416;
2367;
2418;
2482;
2542;
2550;
2484;
2432;
2433;
2456;
2551;
2584;
2536;
2426;
2356;
2375;
2454;
2596;
2631;
2587;
2440;
2358;
2374;
2438;
2574;
2583;
2559;
2448;
2404;
2400;
2474;
2558;
2559;
2520;
2464;
2427;
2424;
2470;
2514;
2524;
2502;
2498;
2456;
2463;
2472;
2488;
2520;
2500;
2514;
2448;
2410;
2455;
2498;
2559;
2578;
2542;
2474;
2367;
2362;
2410;
2508;
2614;
2631;
2546;
2418;
2340;
2336;
2438;
2559;
2623;
2604;
2514;
2420;
2358;
2362;
2450;
2514;
2572;
2603;
2546;
2502;
2414;
2386;
2367;
2428;
2551;
2580;
2592;
2530;
2440;
2386;
2395;
2498;
2533;
2540;
2482;
2436;
2436;
2476;
2555;
2542;
2512;
2446;
2402;
2414;
2484;
2540;
2556;
2502;
2474;
2434;
2456;
2520;
2514;
2491;
2416;
2415;
2440;
2516;
2602;
2584;
2514;
2379;
2348;
2378;
2486;
2614;
2612;
2551;
2432;
2362;
2367;
2460;
2548;
2576;
2556;
2511;
2448;
2420;
2435;
2458;
2470;
2506;
2553;
2550;
2524;
2480;
2412;
2379;
2400;
2508;
2574;
2599;
2570;
2432;
2388;
2387;
2458;
2536;
2555;
2554;
2485;
2456;
2455;
2459;
2462;
2458;
2454;
2484;
2537;
2586;
2544;
2464;
2367;
2355;
2420;
2519;
2623;
2592;
2514;
2402;
2361;
2407;
2475;
2538;
2533;
2516;
2506;
2495;
2495;
2472;
2419;
2382;
2416;
2535;
2602;
2612;
2532;
2408;
2334;
2339;
2479;
2590;
2620;
2558;
2448;
2392;
2411;
2503;
2546;
2528;
2452;
2380;
2402;
2513;
2623;
2618;
2516;
2402;
2303;
2358;
2487;
2607;
2636;
2546;
2440;
2364;
2398;
2487;
2538;
2540;
2488;
2436;
2452;
2504;
2566;
2539;
2448;
2392;
2380;
2466;
2549;
2612;
2550;
2460;
2396;
2378;
2449;
2515;
2571;
2538;
2469;
2474;
2464;
2482;
2480;
2448;
2442;
2443;
2526;
2578;
2572;
2522;
2404;
2367;
2395;
2483;
2567;
2570;
2536;
2454;
2418;
2438;
2500;
2526;
2492;
2464;
2439;
2455;
2519;
2542;
2535;
2492;
2440;
2427;
2442;
2518;
2535;
2520;
2480;
2454;
2460;
2487;
2524;
2506;
2472;
2451;
2451;
2490;
2530;
2534;
2504;
2444;
2438;
2471;
2510;
2535;
2506;
2459;
2432;
2470;
2515;
2540;
2516;
2454;
2408;
2422;
2499;
2559;
2573;
2506;
2404;
2367;
2418;
2518;
2594;
2596;
2504;
2390;
2358;
2426;
2521;
2591;
2559;
2464;
2390;
2407;
2499;
2565;
2578;
2496;
2404;
2367;
2426;
2531;
2583;
2584;
2508;
2416;
2400;
2408;
2487;
2528;
2530;
2530;
2480;
2484;
2470;
2454;
2458;
2459;
2494;
2522;
2535;
2504;
2460;
2441;
2455;
2495;
2526;
2519;
2487;
2436;
2450;
2480;
2508;
2539;
2510;
2470;
2410;
2438;
2500;
2544;
2556;
2496;
2437;
2406;
2432;
2511;
2547;
2551;
2502;
2418;
2412;
2450;
2511;
2536;
2518;
2476;
2426;
2436;
2483;
2528;
2539;
2496;
2453;
2423;
2446;
2484;
2518;
2523;
2494;
2484;
2456;
2480;
2490;
2454;
2475;
2460;
2482;
2515;
2524;
2512;
2454;
2430;
2447;
2475;
2524;
2540;
2512;
2452;
2436;
2448;
2492;
2530;
2532;
2504;
2450;
2442;
2462;
2482;
2526;
2512;
2490;
2470;
2475;
2498;
2487;
2478;
2466;
2452;
2480;
2515;
2550;
2530;
2470;
2414;
2406;
2452;
2526;
2559;
2542;
2489;
2439;
2414;
2444;
2503;
2523;
2528;
2482;
2484;
2467;
2482;
2499;
2467;
2454;
2455;
2476;
2518;
2526;
2518;
2476;
2448;
2448;
2471;
2504;
2522;
2502;
2460;
2452;
2478;
2503;
2514;
2480;
2470;
2452;
2464;
2499;
2494;
2508;
2491;
2472;
2470;
2462;
2492;
2488;
2480;
2486;
2482;
2494;
2502;
2487;
2462;
2447;
2471;
2488;
2520;
2522;
2494;
2462;
2444;
2468;
2468;
2504;
2504;
2482;
2474;
2468;
2490;
2502;
2500;
2474;
2424;
2432;
2480;
2519;
2551;
2530;
2484;
2425;
2407;
2448;
2495;
2534;
2522;
2491;
2464;
2469;
2486;
2482;
2494;
2470;
2470;
2488;
2504;
2512;
2486;
2459;
2448;
2465;
2523;
2534;
2528;
2478;
2432;
2426;
2454;
2518;
2542;
2512;
2480;
2443;
2436;
2474;
2518;
2523;
2494;
2470;
2462;
2479;
2507;
2528;
2498;
2454;
2436;
2455;
2495;
2530;
2534;
2496;
2440;
2430;
2439;
2486;
2548;
2528;
2510;
2475;
2448;
2454;
2460;
2491;
2495;
2506;
2508;
2515;
2496;
2459;
2456;
2429;
2462;
2508;
2544;
2544;
2490;
2443;
2426;
2441;
2504;
2530;
2501;
2468;
2435;
2467;
2507;
2559;
2535;
2460;
2420;
2407;
2452;
2524;
2570;
2544;
2452;
2423;
2395;
2475;
2543;
2559;
2520;
2435;
2425;
2421;
2488;
2539;
2534;
2474;
2434;
2458;
2503;
2534;
2528;
2474;
2406;
2416;
2479;
2548;
2556;
2528;
2468;
2404;
2415;
2451;
2559;
2528;
2524;
2444;
2430;
2441;
2508;
2530;
2529;
2483;
2450;
2420;
2451;
2507;
2518;
2525;
2502;
2480;
2456;
2446;
2474;
2472;
2483;
2519;
2503;
2510;
2452;
2482;
2434;
2476;
2520;
2552;
2536;
2471;
2403;
2354;
2440;
2495;
2635;
2584;
2574;
2396;
2366;
2386;
2439;
2535;
2551;
2559;
2480;
2491;
2482;
2515;
2403;
2416;
2402;
2442;
2591;
2639;
2663;
2480;
2336;
2265;
2315;
2479;
2675;
2687;
2598;
2482;
2303;
2344;
2376;
2555;
2534;
2556;
2474;
2514;
2448;
2506;
2526;
2424;
2455;
2382;
2495;
2554;
2599;
2550;
2466;
2328;
2355;
2439;
2552;
2667;
2534;
2538;
2418;
2403;
2408;
2466;
2503;
2459;
2487;
2510;
2590;
2508;
2550;
2428;
2346;
2379;
2418;
2580;
2600;
2595;
2502;
2422;
2384;
2439;
2472;
2486;
2538;
2476;
2535;
2515;
2515;
2464;
2404;
2454;
2451;
2470;
2538;
2572;
2532;
2478;
2420;
2434;
2459;
2466;
2492;
2534;
2542;
2527;
2474;
2488;
2434;
2352;
2436;
2502;
2571;
2576;
2564;
2526;
2372;
2352;
2367;
2487;
2551;
2604;
2592;
2426;
2415;
2352;
2477;
2506;
2564;
2559;
2470;
2482;
2407;
2462;
2466;
2488;
2466;
2518;
2555;
2517;
2488;
2448;
2421;
2359;
2407;
2555;
2568;
2634;
2554;
2443;
2427;
2324;
2462;
2402;
2581;
2616;
2571;
2559;
2432;
2446;
2236;
2431;
2510;
2622;
2618;
2552;
2506;
2320;
2360;
2390;
2515;
2546;
2619;
2516;
2555;
2426;
2367;
2412;
2411;
2555;
2456;
2623;
2530;
2516;
2442;
2444;
2442;
2350;
2543;
2523;
2571;
2492;
2494;
2442;
2386;
2494;
2515;
2499;
2492;
2508;
2416;
2474;
2498;
2524;
2510;
2402;
2528;
2374;
2535;
2574;
2518;
2518;
2303;
2468;
2367;
2583;
2629;
2544;
2529;
2280;
2419;
2395;
2575;
2654;
2476;
2515;
2328;
2414;
2503;
2567;
2647;
2384;
2428;
2354;
2406;
2614;
2608;
2679;
2364;
2362;
2326;
2327;
2623;
2596;
2687;
2452;
2392;
2404;
2298;
2571;
2512;
2580;
2480;
2442;
2527;
2410;
2551;
2450;
2460;
2440;
2446;
2529;
2464;
2572;
2528;
2476;
2472;
2420;
2439;
2455;
2458;
2555;
2516;
2559;
2528;
2434;
2474;
2330;
2439;
2456;
2594;
2622;
2528;
2531;
2344;
2363;
2348;
2514;
2623;
2607;
2618;
2418;
2348;
2338;
2399;
2559;
2602;
2620;
2528;
2376;
2414;
2384;
2471;
2535;
2532;
2558;
2442;
2498;
2460;
2451;
2479;
2436;
2507;
2448;
2546;
2538;
2498;
2510;
2378;
2487;
2444;
2507;
2559;
2504;
2512;
2367;
2410;
2464;
2532;
2616;
2592;
2530;
2363;
2302;
2364;
2452;
2671;
2716;
2660;
2442;
2218;
2223;
2303;
2598;
2773;
2738;
2588;
2312;
2248;
2251;
2451;
2657;
2656;
2623;
2452;
2367;
2344;
2419;
2531;
2551;
2596;
2498;
2448;
2426;
2414;
2474;
2466;
2525;
2514;
2502;
2534;
2476;
2468;
2444;
2448;
2468;
2478;
2540;
2548;
2522;
2506;
2428;
2412;
2381;
2500;
2553;
2548;
2558;
2459;
2420;
2367;
2431;
2503;
2540;
2600;
2528;
2474;
2394;
2367;
2446;
2500;
2575;
2586;
2542;
2456;
2367;
2366;
2423;
2511;
2594;
2598;
2564;
2464;
2372;
2376;
2387;
2514;
2580;
2623;
2580;
2456;
2408;
2336;
2431;
2492;
2552;
2559;
2502;
2506;
2458;
2480;
2451;
2484;
2451;
2462;
2494;
2516;
2528;
2493;
2491;
2460;
2446;
2442;
2484;
2490;
2500;
2515;
2494;
2483;
2462;
2484;
2482;
2504;
2510;
2499;
2427;
2404;
2443;
2488;
2578;
2586;
2552;
2424;
2350;
2367;
2433;
2559;
2619;
2588;
2490;
2396;
2383;
2423;
2508;
2567;
2526;
2468;
2394;
2421;
2482;
2551;
2590;
2514;
2432;
2367;
2367;
2476;
2574;
2602;
2528;
2454;
2420;
2403;
2455;
2535;
2530;
2480;
2436;
2450;
2468;
2556;
2586;
2502;
2384;
2298;
2375;
2508;
2659;
2739;
2598;
2396;
2216;
2218;
2375;
2591;
2770;
2730;
2559;
2362;
2286;
2294;
2431;
2555;
2591;
2580;
2514;
2480;
2462;
2471;
2452;
2423;
2391;
2439;
2534;
2640;
2662;
2546;
2388;
2244;
2255;
2367;
2599;
2740;
2748;
2572;
2372;
2248;
2224;
2406;
2548;
2676;
2682;
2559;
2448;
2342;
2326;
2406;
2460;
2547;
2591;
2546;
2530;
2493;
2488;
2450;
2401;
2394;
2422;
2459;
2556;
2647;
2622;
2552;
2392;
2292;
2288;
2392;
2582;
2671;
2647;
2559;
2424;
2316;
2390;
2410;
2526;
2524;
2522;
2520;
2456;
2511;
2502;
2499;
2426;
2404;
2392;
2458;
2571;
2620;
2594;
2464;
2385;
2308;
2376;
2515;
2604;
2630;
2576;
2452;
2367;
2366;
2438;
2538;
2543;
2552;
2500;
2438;
2460;
2503;
2492;
2470;
2464;
2448;
2470;
2527;
2591;
2552;
2456;
2395;
2343;
2409;
2540;
2623;
2644;
2528;
2408;
2310;
2330;
2479;
2590;
2623;
2578;
2490;
2392;
2367;
2438;
2502;
2518;
2506;
2492;
2484;
2510;
2547;
2488;
2444;
2419;
2406;
2468;
2551;
2606;
2556;
2448;
2408;
2384;
2431;
2513;
2559;
2572;
2508;
2472;
2432;
2434;
2462;
2471;
2480;
2519;
2539;
2540;
2492;
2468;
2427;
2392;
2443;
2515;
2554;
2552;
2515;
2456;
2412;
2426;
2482;
2507;
2520;
2518;
2504;
2478;
2490;
2490;
2452;
2406;
2418;
2471;
2553;
2610;
2596;
2488;
2378;
2332;
2367;
2503;
2588;
2614;
2556;
2480;
2451;
2422;
2420;
2447;
2456;
2453;
2533;
2598;
2615;
2548;
2410;
2310;
2298;
2423;
2582;
2708;
2664;
2518;
2331;
2248;
2335;
2486;
2618;
2651;
2614;
2484;
2390;
2378;
2412;
2450;
2492;
2502;
2530;
2542;
2575;
2543;
2443;
2374;
2338;
2399;
2519;
2631;
2644;
2544;
2442;
2362;
2362;
2427;
2523;
2559;
2551;
2524;
2496;
2451;
2448;
2438;
2436;
2482;
2518;
2559;
2524;
2500;
2448;
2404;
2426;
2484;
2539;
2524;
2496;
2462;
2443;
2468;
2531;
2538;
2508;
2420;
2367;
2392;
2487;
2623;
2644;
2584;
2442;
2320;
2300;
2407;
2559;
2650;
2623;
2516;
2392;
2348;
2396;
2482;
2544;
2512;
2531;
2470;
2491;
2506;
2488;
2464;
2394;
2416;
2472;
2546;
2608;
2594;
2486;
2384;
2326;
2392;
2494;
2592;
2636;
2552;
2454;
2387;
2366;
2430;
2511;
2566;
2559;
2512;
2474;
2446;
2411;
2448;
2485;
2520;
2531;
2520;
2491;
2448;
2435;
2452;
2480;
2510;
2528;
2496;
2466;
2466;
2462;
2469;
2515;
2498;
2496;
2478;
2475;
2488;
2483;
2490;
2490;
2456;
2470;
2500;
2526;
2526;
2500;
2463;
2434;
2440;
2483;
2514;
2522;
2496;
2475;
2464;
2493;
2507;
2507;
2480;
2438;
2434;
2446;
2512;
2554;
2532;
2494;
2440;
2401;
2401;
2479;
2559;
2571;
2544;
2488;
2421;
2411;
2436;
2504;
2508;
2488;
2498;
2470;
2532;
2540;
2522;
2448;
2394;
2396;
2434;
2548;
2623;
2588;
2482;
2366;
2330;
2391;
2527;
2646;
2623;
2492;
2372;
2326;
2395;
2527;
2636;
2584;
2464;
2378;
2342;
2452;
2566;
2644;
2588;
2442;
2350;
2324;
2439;
2592;
2639;
2570;
2449;
2362;
2360;
2471;
2591;
2623;
2524;
2406;
2344;
2383;
2523;
2610;
2610;
2504;
2400;
2358;
2403;
2528;
2614;
2592;
2480;
2396;
2344;
2406;
2507;
2602;
2604;
2528;
2426;
2363;
2374;
2453;
2543;
2571;
2559;
2515;
2451;
2438;
2444;
2471;
2475;
2476;
2504;
2504;
2538;
2526;
2502;
2452;
2416;
2410;
2431;
2503;
2559;
2578;
2542;
2471;
2416;
2364;
2387;
2471;
2550;
2618;
2603;
2528;
2436;
2352;
2346;
2410;
2490;
2611;
2610;
2559;
2468;
2404;
2399;
2411;
2471;
2512;
2512;
2523;
2531;
2531;
2504;
2456;
2394;
2388;
2422;
2515;
2586;
2612;
2546;
2434;
2378;
2367;
2436;
2503;
2571;
2571;
2542;
2466;
2428;
2426;
2428;
2487;
2499;
2502;
2492;
2496;
2507;
2508;
2502;
2456;
2434;
2422;
2467;
2516;
2543;
2552;
2519;
2470;
2435;
2425;
2440;
2484;
2508;
2522;
2520;
2516;
2499;
2459;
2438;
2435;
2450;
2495;
2536;
2554;
2534;
2478;
2418;
2400;
2434;
2490;
2531;
2552;
2538;
2488;
2449;
2422;
2424;
2460;
2498;
2543;
2559;
2532;
2491;
2420;
2400;
2426;
2474;
2539;
2558;
2543;
2488;
2435;
2427;
2448;
2479;
2528;
2512;
2506;
2471;
2459;
2466;
2463;
2502;
2499;
2499;
2492;
2478;
2466;
2472;
2464;
2484;
2483;
2504;
2526;
2498;
2486;
2450;
2439;
2470;
2506;
2528;
2519;
2486;
2464;
2427;
2455;
2500;
2531;
2540;
2487;
2454;
2404;
2423;
2487;
2540;
2574;
2524;
2456;
2398;
2394;
2451;
2535;
2559;
2570;
2494;
2428;
2407;
2426;
2501;
2524;
2528;
2507;
2462;
2468;
2462;
2471;
2484;
2496;
2494;
2515;
2506;
2494;
2448;
2418;
2442;
2474;
2536;
2559;
2542;
2497;
2418;
2397;
2404;
2475;
2543;
2580;
2547;
2496;
2422;
2374;
2417;
2472;
2538;
2558;
2568;
2525;
2466;
2404;
2392;
2430;
2482;
2575;
2576;
2544;
2464;
2408;
2394;
2427;
2493;
2543;
2554;
2530;
2478;
2427;
2415;
2451;
2485;
2524;
2516;
2498;
2484;
2471;
2489;
2484;
2472;
2482;
2462;
2475;
2508;
2515;
2514;
2492;
2450;
2455;
2456;
2494;
2498;
2498;
2514;
2487;
2486;
2471;
2480;
2454;
2482;
2482;
2494;
2490;
2488;
2510;
2495;
2488;
2456;
2434;
2452;
2486;
2538;
2570;
2542;
2470;
2400;
2367;
2459;
2526;
2574;
2568;
2506;
2448;
2398;
2419;
2467;
2511;
2532;
2530;
2508;
2478;
2451;
2434;
2461;
2486;
2508;
2516;
2494;
2487;
2464;
2458;
2474;
2491;
2502;
2499;
2486;
2464;
2460;
2464;
2500;
2530;
2540;
2524;
2454;
2419;
2407;
2455;
2531;
2555;
2555;
2496;
2418;
2390;
2443;
2511;
2576;
2546;
2483;
2410;
2378;
2449;
2511;
2587;
2559;
2482;
2412;
2388;
2435;
2507;
2565;
2546;
2486;
2424;
2422;
2460;
2517;
2548;
2520;
2446;
2404;
2415;
2476;
2566;
2594;
2538;
2434;
2372;
2398;
2463;
2572;
2608;
2538;
2444;
2396;
2423;
2487;
2532;
2524;
2483;
2442;
2472;
2499;
2538;
2528;
2458;
2418;
2412;
2475;
2532;
2558;
2540;
2487;
2419;
2431;
2456;
2496;
2512;
2483;
2480;
2480;
2520;
2533;
2500;
2448;
2403;
2396;
2465;
2555;
2606;
2574;
2486;
2403;
2363;
2412;
2479;
2552;
2559;
2532;
2493;
2458;
2462;
2450;
2455;
2440;
2480;
2510;
2578;
2583;
2528;
2424;
2356;
2374;
2434;
2547;
2588;
2583;
2500;
2450;
2435;
2437;
2454;
2472;
2500;
2500;
2534;
2546;
2520;
2475;
2403;
2384;
2420;
2510;
2575;
2606;
2542;
2442;
2380;
2366;
2443;
2524;
2590;
2574;
2500;
2438;
2405;
2435;
2491;
2542;
2526;
2482;
2440;
2448;
2454;
2502;
2530;
2524;
2494;
2454;
2442;
2452;
2486;
2528;
2518;
2503;
2464;
2443;
2436;
2458;
2510;
2526;
2542;
2520;
2468;
2433;
2419;
2447;
2486;
2555;
2568;
2528;
2456;
2434;
2423;
2454;
2518;
2536;
2522;
2474;
2478;
2466;
2478;
2504;
2474;
2456;
2448;
2486;
2528;
2559;
2528;
2443;
2378;
2367;
2467;
2559;
2634;
2582;
2452;
2336;
2343;
2444;
2552;
2619;
2578;
2492;
2394;
2390;
2439;
2493;
2554;
2535;
2506;
2480;
2466;
2448;
2447;
2458;
2495;
2516;
2546;
2555;
2490;
2439;
2390;
2400;
2483;
2554;
2595;
2530;
2448;
2408;
2416;
2474;
2551;
2551;
2482;
2424;
2418;
2466;
2528;
2559;
2512;
2448;
2418;
2432;
2487;
2534;
2544;
2484;
2438;
2432;
2474;
2516;
2539;
2510;
2459;
2420;
2450;
2499;
2536;
2539;
2486;
2436;
2426;
2468;
2531;
2547;
2520;
2468;
2424;
2423;
2470;
2526;
2542;
2526;
2482;
2448;
2446;
2467;
2487;
2512;
2500;
2488;
2467;
2476;
2486;
2472;
2472;
2483;
2493;
2507;
2504;
2480;
2452;
2442;
2466;
2500;
2523;
2506;
2491;
2458;
2456;
2482;
2496;
2512;
2496;
2459;
2450;
2470;
2496;
2520;
2523;
2500;
2464;
2444;
2470;
2490;
2519;
2512;
2486;
2452;
2444;
2482;
2516;
2532;
2502;
2464;
2426;
2436;
2484;
2512;
2535;
2503;
2474;
2454;
2458;
2478;
2500;
2510;
2496;
2486;
2475;
2480;
2464;
2467;
2467;
2484;
2511;
2523;
2517;
2480;
2454;
2429;
2438;
2492;
2534;
2546;
2508;
2474;
2440;
2458;
2478;
2496;
2495;
2483;
2482;
2494;
2524;
2508;
2480;
2438;
2420;
2455;
2524;
2566;
2559;
2486;
2420;
2394;
2431;
2492;
2559;
2549;
2502;
2457;
2432;
2450;
2486;
2520;
2519;
2500;
2481;
2462;
2468;
2469;
2478;
2476;
2495;
2495;
2502;
2491;
2471;
2466;
2448;
2475;
2506;
2528;
2510;
2476;
2440;
2440;
2462;
2498;
2534;
2519;
2494;
2466;
2466;
2492;
2483;
2478;
2446;
2468;
2502;
2531;
2535;
2500;
2462;
2422;
2412;
2478;
2550;
2555;
2530;
2458;
2406;
2396;
2443;
2520;
2540;
2526;
2484;
2445;
2466;
2491;
2499;
2484;
2456;
2451;
2466;
2508;
2547;
2531;
2484;
2424;
2396;
2430;
2506;
2566;
2575;
2518;
2428;
2386;
2415;
2474;
2543;
2550;
2518;
2488;
2458;
2458;
2458;
2446;
2472;
2483;
2530;
2539;
2544;
2496;
2432;
2406;
2414;
2475;
2522;
2559;
2530;
2480;
2432;
2430;
2460;
2515;
2518;
2499;
2472;
2450;
2479;
2498;
2515;
2484;
2451;
2440;
2484;
2545;
2551;
2490;
2436;
2394;
2415;
2513;
2559;
2586;
2506;
2422;
2392;
2434;
2511;
2552;
2532;
2464;
2420;
2416;
2504;
2551;
2575;
2490;
2418;
2386;
2434;
2527;
2578;
2548;
2458;
2422;
2403;
2479;
2555;
2572;
2532;
2436;
2411;
2407;
2470;
2514;
2524;
2506;
2484;
2474;
2482;
2506;
2480;
2469;
2452;
2450;
2498;
2510;
2520;
2500;
2475;
2454;
2464;
2486;
2504;
2494;
2490;
2484;
2478;
2492;
2478;
2479;
2483;
2486;
2495;
2496;
2495;
2477;
2472;
2450;
2480;
2496;
2516;
2523;
2486;
2464;
2438;
2465;
2481;
2522;
2522;
2475;
2458;
2450;
2486;
2511;
2516;
2496;
2450;
2444;
2456;
2508;
2532;
2530;
2492;
2454;
2436;
2444;
2484;
2502;
2534;
2507;
2498;
2470;
2468;
2464;
2464;
2487;
2498;
2515;
2490;
2504;
2462;
2448;
2475;
2495;
2528;
2531;
2492;
2451;
2428;
2436;
2487;
2532;
2538;
2496;
2440;
2423;
2443;
2518;
2577;
2559;
2483;
2385;
2347;
2404;
2504;
2620;
2620;
2532;
2404;
2364;
2397;
2491;
2559;
2551;
2484;
2410;
2415;
2472;
2582;
2576;
2515;
2412;
2352;
2378;
2479;
2604;
2634;
2576;
2440;
2358;
2362;
2423;
2527;
2579;
2586;
2524;
2440;
2416;
2406;
2471;
2534;
2554;
2546;
2474;
2416;
2400;
2440;
2506;
2579;
2566;
2508;
2409;
2382;
2419;
2484;
2554;
2548;
2518;
2439;
2420;
2434;
2501;
2539;
2520;
2486;
2432;
2419;
2457;
2527;
2582;
2540;
2467;
2382;
2399;
2445;
2558;
2604;
2570;
2440;
2364;
2382;
2433;
2583;
2615;
2616;
2464;
2362;
2336;
2407;
2556;
2582;
2623;
2474;
2435;
2356;
2430;
2490;
2546;
2554;
2480;
2464;
2438;
2471;
2501;
2510;
2483;
2454;
2468;
2500;
2524;
2506;
2482;
2426;
2411;
2478;
2488;
2588;
2476;
2539;
2438;
2462;
2460;
2498;
2508;
2458;
2482;
2460;
2536;
2512;
2571;
2424;
2482;
2372;
2464;
2515;
2519;
2555;
2422;
2466;
2444;
2500;
2503;
2548;
2438;
2467;
2400;
2456;
2566;
2540;
2590;
2456;
2386;
2400;
2450;
2485;
2620;
2496;
2467;
2460;
2364;
2570;
2418;
2588;
2464;
2507;
2440;
2508;
2438;
2484;
2492;
2444;
2612;
2434;
2584;
2426;
2436;
2424;
2461;
2484;
2551;
2516;
2478;
2543;
2386;
2550;
2452;
2489;
2460;
2355;
2494;
2516;
2594;
2592;
2531;
2372;
2379;
2355;
2440;
2596;
2532;
2623;
2488;
2420;
2446;
2376;
2482;
2478;
2524;
2518;
2531;
2504;
2532;
2436;
2390;
2446;
2386;
2546;
2528;
2596;
2574;
2452;
2432;
2376;
2404;
2471;
2551;
2540;
2584;
2492;
2476;
2434;
2408;
2476;
2439;
2501;
2523;
2550;
2539;
2504;
2432;
2408;
2406;
2438;
2555;
2559;
2544;
2516;
2450;
2446;
2410;
2404;
2500;
2492;
2544;
2540;
2520;
2508;
2424;
2400;
2412;
2418;
2484;
2582;
2592;
2595;
2501;
2410;
2367;
2360;
2436;
2511;
2566;
2595;
2590;
2502;
2460;
2404;
2359;
2414;
2419;
2555;
2596;
2618;
2592;
2452;
2367;
2303;
2362;
2470;
2623;
2656;
2622;
2472;
2330;
2342;
2347;
2543;
2591;
2615;
2528;
2404;
2367;
2436;
2533;
2559;
2552;
2434;
2430;
2388;
2476;
2580;
2574;
2539;
2416;
2376;
2388;
2471;
2571;
2614;
2578;
2477;
2390;
2348;
2420;
2474;
2567;
2595;
2582;
2492;
2418;
2374;
2407;
2470;
2514;
2576;
2528;
2492;
2452;
2446;
2482;
2492;
2510;
2472;
2442;
2444;
2492;
2536;
2575;
2528;
2432;
2384;
2376;
2487;
2586;
2612;
2538;
2376;
2318;
2387;
2511;
2671;
2643;
2534;
2336;
2238;
2379;
2515;
2699;
2656;
2572;
2400;
2294;
2343;
2463;
2599;
2586;
2551;
2469;
2416;
2415;
2476;
2544;
2524;
2480;
2451;
2466;
2474;
2523;
2499;
2516;
2456;
2458;
2478;
2472;
2522;
2438;
2488;
2465;
2504;
2526;
2512;
2496;
2435;
2420;
2424;
2501;
2532;
2566;
2518;
2464;
2434;
2440;
2480;
2487;
2522;
2470;
2470;
2483;
2526;
2528;
2494;
2454;
2394;
2440;
2492;
2567;
2572;
2532;
2475;
2395;
2398;
2458;
2540;
2539;
2526;
2494;
2448;
2460;
2476;
2513;
2470;
2464;
2464;
2468;
2548;
2542;
2517;
2451;
2395;
2404;
2453;
2546;
2602;
2534;
2464;
2396;
2396;
2463;
2515;
2578;
2544;
2480;
2440;
2416;
2444;
2492;
2527;
2504;
2488;
2483;
2487;
2507;
2480;
2448;
2426;
2464;
2522;
2540;
2543;
2492;
2424;
2420;
2454;
2511;
2523;
2494;
2482;
2458;
2459;
2523;
2538;
2507;
2450;
2412;
2428;
2459;
2566;
2558;
2528;
2460;
2412;
2419;
2459;
2533;
2520;
2496;
2472;
2480;
2491;
2512;
2498;
2455;
2418;
2443;
2516;
2559;
2596;
2514;
2420;
2315;
2367;
2454;
2597;
2710;
2620;
2490;
2282;
2276;
2367;
2538;
2664;
2651;
2544;
2438;
2376;
2360;
2455;
2510;
2547;
2520;
2535;
2506;
2469;
2438;
2436;
2443;
2464;
2526;
2539;
2544;
2492;
2440;
2408;
2406;
2484;
2540;
2551;
2543;
2471;
2419;
2444;
2450;
2502;
2495;
2506;
2500;
2471;
2503;
2490;
2506;
2482;
2476;
2456;
2456;
2487;
2487;
2500;
2488;
2503;
2500;
2490;
2500;
2452;
2435;
2446;
2480;
2520;
2538;
2536;
2482;
2430;
2420;
2432;
2487;
2508;
2528;
2500;
2481;
2498;
2491;
2498;
2435;
2439;
2439;
2472;
2567;
2566;
2551;
2458;
2388;
2374;
2438;
2559;
2590;
2567;
2486;
2408;
2380;
2439;
2526;
2559;
2522;
2474;
2424;
2436;
2502;
2534;
2547;
2492;
2452;
2410;
2416;
2490;
2540;
2569;
2551;
2496;
2422;
2386;
2408;
2451;
2519;
2559;
2570;
2528;
2464;
2425;
2390;
2408;
2459;
2534;
2571;
2554;
2494;
2465;
2436;
2420;
2420;
2455;
2527;
2554;
2575;
2534;
2468;
2380;
2367;
2430;
2512;
2607;
2584;
2544;
2440;
2398;
2395;
2443;
2524;
2555;
2538;
2516;
2470;
2448;
2454;
2472;
2495;
2478;
2492;
2484;
2504;
2492;
2507;
2498;
2445;
2469;
2443;
2492;
2507;
2490;
2508;
2476;
2491;
2480;
2468;
2483;
2464;
2455;
2472;
2512;
2535;
2522;
2499;
2427;
2404;
2420;
2475;
2567;
2558;
2559;
2468;
2411;
2397;
2410;
2488;
2542;
2576;
2552;
2502;
2460;
2402;
2392;
2434;
2496;
2559;
2584;
2559;
2488;
2412;
2383;
2410;
2483;
2549;
2572;
2568;
2468;
2436;
2374;
2428;
2507;
2546;
2564;
2504;
2458;
2400;
2427;
2486;
2541;
2530;
2514;
2450;
2419;
2428;
2475;
2546;
2532;
2524;
2464;
2443;
2426;
2444;
2487;
2498;
2544;
2528;
2532;
2490;
2438;
2394;
2376;
2463;
2569;
2615;
2614;
2504;
2400;
2330;
2361;
2467;
2543;
2602;
2570;
2520;
2458;
2434;
2429;
2424;
2471;
2476;
2530;
2534;
2534;
2502;
2426;
2396;
2387;
2479;
2559;
2591;
2556;
2460;
2400;
2375;
2422;
2502;
2559;
2551;
2513;
2464;
2434;
2419;
2451;
2495;
2510;
2559;
2520;
2506;
2452;
2436;
2436;
2442;
2518;
2536;
2554;
2496;
2456;
2422;
2412;
2479;
2542;
2559;
2520;
2467;
2428;
2433;
2464;
2512;
2516;
2519;
2480;
2438;
2466;
2453;
2516;
2510;
2504;
2494;
2444;
2460;
2463;
2498;
2500;
2492;
2480;
2474;
2500;
2468;
2476;
2460;
2485;
2502;
2484;
2507;
2480;
2479;
2473;
2482;
2502;
2492;
2492;
2475;
2468;
2475;
2494;
2502;
2524;
2500;
2466;
2440;
2448;
2492;
2519;
2535;
2504;
2486;
2458;
2458;
2456;
2475;
2494;
2478;
2518;
2523;
2510;
2496;
2442;
2456;
2419;
2450;
2510;
2535;
2559;
2520;
2464;
2400;
2379;
2428;
2499;
2559;
2572;
2534;
2467;
2432;
2411;
2414;
2447;
2516;
2543;
2550;
2536;
2478;
2446;
2408;
2431;
2460;
2520;
2559;
2526;
2500;
2462;
2451;
2462;
2475;
2500;
2480;
2476;
2485;
2504;
2526;
2530;
2478;
2432;
2419;
2452;
2514;
2523;
2546;
2510;
2467;
2456;
2449;
2467;
2482;
2480;
2499;
2495;
2490;
2505;
2492;
2482;
2466;
2442;
2459;
2470;
2520;
2530;
2502;
2484;
2436;
2442;
2455;
2504;
2515;
2518;
2484;
2460;
2472;
2470;
2511;
2490;
2479;
2486;
2466;
2492;
2503;
2498;
2498;
2468;
2467;
2503;
2490;
2511;
2455;
2426;
2448;
2492;
2568;
2578;
2524;
2432;
2367;
2386;
2466;
2558;
2586;
2572;
2486;
2420;
2400;
2426;
2476;
2514;
2526;
2512;
2474;
2506;
2498;
2491;
2452;
2422;
2439;
2475;
2547;
2576;
2551;
2462;
2412;
2392;
2438;
2520;
2551;
2545;
2503;
2457;
2438;
2450;
2480;
2507;
2486;
2503;
2496;
2484;
2503;
2478;
2484;
2436;
2458;
2484;
2508;
2549;
2528;
2496;
2460;
2444;
2448;
2451;
2478;
2498;
2504;
2522;
2546;
2496;
2449;
2425;
2406;
2439;
2506;
2572;
2578;
2524;
2443;
2396;
2380;
2462;
2551;
2568;
2547;
2466;
2435;
2422;
2470;
2510;
2499;
2483;
2456;
2472;
2506;
2546;
2518;
2492;
2423;
2411;
2435;
2490;
2575;
2556;
2532;
2460;
2422;
2407;
2453;
2512;
2519;
2507;
2490;
2492;
2484;
2512;
2480;
2453;
2432;
2446;
2477;
2518;
2576;
2556;
2507;
2419;
2392;
2406;
2459;
2548;
2551;
2543;
2492;
2440;
2438;
2454;
2473;
2503;
2507;
2506;
2508;
2488;
2484;
2444;
2451;
2466;
2474;
2507;
2508;
2523;
2488;
2462;
2452;
2451;
2480;
2497;
2512;
2508;
2491;
2470;
2467;
2464;
2462;
2491;
2490;
2500;
2497;
2500;
2483;
2470;
2460;
2464;
2484;
2493;
2520;
2502;
2494;
2462;
2450;
2472;
2498;
2532;
2504;
2475;
2446;
2446;
2492;
2518;
2526;
2508;
2471;
2435;
2440;
2464;
2504;
2516;
2522;
2508;
2472;
2464;
2440;
2451;
2484;
2502;
2527;
2520;
2512;
2466;
2434;
2427;
2446;
2506;
2541;
2539;
2508;
2451;
2424;
2425;
2465;
2522;
2531;
2524;
2483;
2451;
2439;
2455;
2500;
2526;
2510;
2494;
2470;
2463;
2464;
2499;
2503;
2492;
2484;
2478;
2475;
2475;
2482;
2482;
2480;
2508;
2507;
2500;
2492;
2472;
2472;
2432;
2459;
2494;
2503;
2532;
2524;
2505;
2456;
2418;
2433;
2464;
2504;
2532;
2526;
2498;
2458;
2434;
2444;
2474;
2526;
2528;
2504;
2475;
2455;
2462;
2480;
2504;
2492;
2484;
2464;
2474;
2502;
2520;
2496;
2464;
2444;
2454;
2499;
2519;
2528;
2494;
2442;
2434;
2460;
2511;
2544;
2520;
2480;
2428;
2430;
2479;
2535;
2551;
2498;
2424;
2402;
2435;
2531;
2558;
2532;
2478;
2424;
2419;
2473;
2524;
2530;
2489;
2443;
2435;
2464;
2527;
2538;
2530;
2470;
2418;
2418;
2454;
2526;
2555;
2544;
2485;
2428;
2407;
2435;
2500;
2536;
2544;
2507;
2454;
2446;
2451;
2488;
2512;
2515;
2506;
2484;
2466;
2444;
2466;
2487;
2498;
2515;
2514;
2506;
2470;
2451;
2443;
2462;
2503;
2516;
2524;
2496;
2468;
2446;
2459;
2483;
2499;
2498;
2488;
2492;
2492;
2483;
2479;
2448;
2454;
2471;
2488;
2526;
2516;
2515;
2466;
2442;
2450;
2464;
2483;
2504;
2512;
2492;
2478;
2472;
2472;
2459;
2470;
2476;
2508;
2512;
2506;
2484;
2457;
2462;
2450;
2476;
2488;
2500;
2494;
2478;
2480;
2482;
2488;
2498;
2492;
2472;
2459;
2458;
2478;
2495;
2514;
2498;
2484;
2468;
2474;
2474;
2486;
2509;
2492;
2474;
2464;
2472;
2503;
2515;
2510;
2491;
2448;
2426;
2447;
2515;
2559;
2547;
2484;
2414;
2396;
2441;
2523;
2576;
2574;
2517;
2412;
2384;
2434;
2512;
2546;
2528;
2488;
2456;
2460;
2490;
2518;
2498;
2452;
2412;
2439;
2511;
2568;
2584;
2508;
2421;
2380;
2404;
2494;
2558;
2568;
2514;
2450;
2428;
2450;
2500;
2535;
2502;
2468;
2424;
2439;
2503;
2539;
2551;
2488;
2438;
2416;
2423;
2471;
2541;
2559;
2514;
2460;
2428;
2442;
2476;
2500;
2511;
2500;
2490;
2486;
2474;
2464;
2466;
2458;
2484;
2508;
2535;
2516;
2486;
2460;
2451;
2456;
2466;
2488;
2512;
2530;
2512;
2510;
2475;
2455;
2435;
2442;
2476;
2516;
2544;
2546;
2518;
2460;
2422;
2403;
2443;
2499;
2536;
2558;
2538;
2500;
2438;
2412;
2419;
2471;
2527;
2540;
2506;
2479;
2454;
2452;
2486;
2518;
2516;
2498;
2460;
2453;
2454;
2472;
2500;
2510;
2508;
2514;
2490;
2459;
2454;
2434;
2446;
2471;
2542;
2576;
2551;
2500;
2408;
2358;
2390;
2487;
2586;
2612;
2554;
2448;
2367;
2367;
2450;
2523;
2570;
2551;
2492;
2444;
2448;
2476;
2486;
2486;
2464;
2466;
2488;
2516;
2524;
2515;
2482;
2434;
2427;
2456;
2491;
2522;
2515;
2524;
2520;
2480;
2448;
2424;
2429;
2475;
2517;
2559;
2550;
2500;
2444;
2408;
2419;
2478;
2530;
2547;
2516;
2475;
2449;
2455;
2492;
2506;
2482;
2474;
2458;
2480;
2515;
2533;
2514;
2452;
2416;
2419;
2459;
2532;
2568;
2548;
2480;
2416;
2391;
2428;
2488;
2536;
2540;
2514;
2482;
2458;
2446;
2471;
2478;
2485;
2490;
2485;
2490;
2494;
2526;
2499;
2478;
2442;
2446;
2456;
2498;
2525;
2536;
2516;
2468;
2438;
2439;
2470;
2502;
2516;
2519;
2506;
2483;
2455;
2455;
2473;
2492;
2502;
2486;
2492;
2478;
2476;
2488;
2486;
2492;
2488;
2476;
2490;
2468;
2466;
2472;
2490;
2513;
2506;
2487;
2462;
2454;
2470;
2500;
2512;
2520;
2474;
2452;
2446;
2482;
2520;
2523;
2506;
2464;
2440;
2436;
2484;
2519;
2540;
2493;
2444;
2432;
2458;
2500;
2518;
2514;
2486;
2459;
2443;
2472;
2500;
2504;
2494;
2472;
2468;
2480;
2511;
2502;
2480;
2458;
2444;
2468;
2512;
2552;
2522;
2482;
2430;
2418;
2455;
2517;
2551;
2519;
2460;
2416;
2427;
2476;
2538;
2535;
2500;
2456;
2452;
2458;
2480;
2524;
2514;
2490;
2462;
2456;
2470;
2494;
2515;
2512;
2494;
2462;
2462;
2470;
2494;
2498;
2482;
2487;
2486;
2482;
2475;
2480;
2484;
2488;
2496;
2496;
2482;
2462;
2464;
2464;
2494;
2528;
2530;
2499;
2442;
2426;
2438;
2483;
2534;
2540;
2512;
2460;
2435;
2443;
2474;
2518;
2533;
2496;
2468;
2459;
2472;
2493;
2515;
2510;
2482;
2455;
2450;
2471;
2492;
2516;
2526;
2503;
2476;
2432;
2438;
2459;
2503;
2530;
2536;
2512;
2464;
2426;
2440;
2478;
2508;
2516;
2507;
2476;
2460;
2464;
2494;
2518;
2514;
2482;
2428;
2428;
2470;
2527;
2568;
2548;
2488;
2404;
2389;
2425;
2495;
2567;
2576;
2522;
2444;
2415;
2414;
2482;
2530;
2549;
2512;
2462;
2436;
2446;
2479;
2514;
2535;
2512;
2480;
2436;
2428;
2463;
2507;
2547;
2539;
2520;
2466;
2422;
2411;
2443;
2500;
2543;
2559;
2524;
2472;
2418;
2424;
2454;
2482;
2519;
2520;
2510;
2482;
2474;
2483;
2472;
2473;
2471;
2470;
2486;
2516;
2520;
2508;
2483;
2454;
2441;
2434;
2478;
2527;
2544;
2522;
2472;
2442;
2426;
2456;
2494;
2518;
2522;
2492;
2450;
2458;
2470;
2502;
2519;
2488;
2455;
2443;
2464;
2506;
2534;
2538;
2482;
2432;
2425;
2459;
2503;
2546;
2532;
2486;
2434;
2422;
2462;
2509;
2532;
2522;
2474;
2448;
2444;
2476;
2523;
2518;
2506;
2474;
2448;
2451;
2470;
2499;
2520;
2498;
2502;
2476;
2463;
2471;
2468;
2488;
2483;
2507;
2506;
2508;
2492;
2474;
2455;
2443;
2482;
2499;
2496;
2502;
2499;
2480;
2476;
2476;
2460;
2445;
2466;
2504;
2534;
2528;
2494;
2458;
2412;
2419;
2470;
2535;
2559;
2526;
2470;
2424;
2402;
2439;
2498;
2559;
2545;
2502;
2464;
2440;
2448;
2468;
2515;
2523;
2514;
2482;
2470;
2451;
2470;
2485;
2502;
2486;
2486;
2476;
2471;
2484;
2494;
2499;
2496;
2486;
2462;
2460;
2484;
2516;
2509;
2499;
2488;
2444;
2444;
2471;
2524;
2536;
2506;
2472;
2435;
2434;
2478;
2538;
2537;
2522;
2458;
2424;
2433;
2478;
2526;
2524;
2512;
2472;
2440;
2454;
2498;
2512;
2514;
2488;
2455;
2450;
2460;
2504;
2514;
2518;
2510;
2482;
2456;
2450;
2452;
2466;
2508;
2518;
2526;
2494;
2483;
2456;
2448;
2466;
2482;
2495;
2498;
2514;
2492;
2484;
2475;
2464;
2444;
2460;
2506;
2516;
2520;
2510;
2480;
2445;
2430;
2444;
2481;
2512;
2535;
2530;
2488;
2468;
2441;
2432;
2454;
2496;
2535;
2548;
2522;
2482;
2440;
2412;
2430;
2470;
2522;
2554;
2542;
2504;
2450;
2424;
2421;
2451;
2510;
2530;
2526;
2520;
2480;
2452;
2434;
2442;
2468;
2484;
2538;
2542;
2524;
2472;
2439;
2406;
2419;
2475;
2527;
2559;
2538;
2506;
2432;
2416;
2423;
2467;
2510;
2543;
2543;
2499;
2482;
2438;
2428;
2442;
2480;
2511;
2527;
2528;
2514;
2454;
2440;
2447;
2444;
2475;
2504;
2548;
2528;
2498;
2469;
2446;
2435;
2454;
2490;
2514;
2539;
2512;
2502;
2464;
2436;
2444;
2462;
2516;
2522;
2488;
2480;
2478;
2488;
2470;
2480;
2472;
2477;
2460;
2500;
2502;
2488;
2499;
2454;
2474;
2439;
2499;
2495;
2528;
2496;
2480;
2456;
2456;
2472;
2478;
2530;
2474;
2516;
2460;
2507;
2448;
2455;
2500;
2486;
2524;
2490;
2488;
2466;
2475;
2456;
2523;
2496;
2514;
2474;
2432;
2486;
2462;
2534;
2518;
2527;
2448;
2446;
2404;
2491;
2522;
2518;
2550;
2456;
2462;
2416;
2487;
2499;
2526;
2450;
2498;
2472;
2470;
2535;
2480;
2543;
2404;
2442;
2444;
2458;
2515;
2540;
2547;
2467;
2474;
2404;
2494;
2467;
2507;
2508;
2454;
2510;
2472;
2519;
2504;
2496;
2436;
2435;
2438;
2486;
2551;
2530;
2574;
2464;
2436;
2422;
2416;
2488;
2500;
2536;
2540;
2512;
2458;
2470;
2424;
2454;
2478;
2470;
2551;
2498;
2535;
2500;
2475;
2444;
2408;
2455;
2480;
2543;
2544;
2539;
2459;
2420;
2411;
2410;
2507;
2522;
2587;
2540;
2488;
2432;
2410;
2418;
2463;
2535;
2514;
2570;
2472;
2486;
2436;
2432;
2479;
2470;
2555;
2502;
2503;
2434;
2480;
2470;
2504;
2514;
2480;
2476;
2434;
2503;
2496;
2518;
2508;
2485;
2452;
2463;
2472;
2494;
2532;
2470;
2498;
2442;
2478;
2499;
2489;
2522;
2452;
2468;
2463;
2508;
2522;
2520;
2496;
2424;
2431;
2419;
2518;
2524;
2566;
2532;
2448;
2446;
2391;
2459;
2470;
2543;
2558;
2520;
2510;
2446;
2454;
2398;
2467;
2498;
2512;
2543;
2524;
2507;
2460;
2452;
2432;
2450;
2448;
2530;
2526;
2558;
2543;
2472;
2440;
2345;
2412;
2452;
2567;
2623;
2584;
2508;
2384;
2363;
2359;
2479;
2559;
2599;
2586;
2490;
2422;
2375;
2418;
2458;
2508;
2526;
2530;
2518;
2500;
2492;
2452;
2440;
2424;
2436;
2480;
2528;
2559;
2558;
2494;
2426;
2380;
2389;
2466;
2540;
2580;
2556;
2488;
2454;
2404;
2435;
2474;
2511;
2546;
2514;
2490;
2472;
2478;
2474;
2484;
2475;
2478;
2502;
2478;
2510;
2494;
2480;
2472;
2444;
2478;
2472;
2516;
2527;
2490;
2494;
2458;
2451;
2468;
2492;
2502;
2504;
2515;
2498;
2464;
2446;
2462;
2460;
2516;
2534;
2526;
2486;
2443;
2440;
2426;
2486;
2510;
2538;
2524;
2472;
2480;
2423;
2471;
2478;
2484;
2495;
2478;
2526;
2502;
2500;
2466;
2439;
2441;
2454;
2499;
2528;
2550;
2518;
2462;
2420;
2392;
2463;
2522;
2543;
2542;
2482;
2475;
2444;
2430;
2463;
2490;
2516;
2507;
2511;
2506;
2464;
2459;
2464;
2448;
2476;
2502;
2512;
2509;
2494;
2470;
2476;
2468;
2475;
2484;
2470;
2507;
2482;
2520;
2492;
2510;
2480;
2422;
2434;
2446;
2536;
2526;
2567;
2516;
2428;
2420;
2395;
2511;
2509;
2523;
2508;
2450;
2484;
2482;
2494;
2518;
2482;
2440;
2415;
2464;
2530;
2546;
2542;
2480;
2432;
2387;
2439;
2496;
2518;
2555;
2496;
2468;
2449;
2450;
2464;
2459;
2511;
2514;
2512;
2502;
2484;
2464;
2451;
2475;
2500;
2506;
2514;
2499;
2468;
2456;
2476;
2490;
2507;
2532;
2506;
2436;
2412;
2452;
2490;
2520;
2532;
2492;
2467;
2464;
2495;
2494;
2482;
2480;
2437;
2454;
2495;
2548;
2551;
2520;
2454;
2390;
2367;
2450;
2543;
2564;
2587;
2502;
2436;
2414;
2426;
2448;
2492;
2524;
2506;
2494;
2483;
2502;
2482;
2466;
2472;
2452;
2456;
2476;
2520;
2548;
2518;
2506;
2464;
2423;
2427;
2463;
2506;
2544;
2538;
2528;
2472;
2448;
2434;
2427;
2452;
2500;
2523;
2538;
2514;
2483;
2458;
2444;
2455;
2492;
2483;
2498;
2486;
2486;
2504;
2491;
2484;
2476;
2446;
2444;
2477;
2508;
2531;
2504;
2508;
2470;
2451;
2459;
2500;
2497;
2491;
2482;
2479;
2504;
2482;
2499;
2486;
2434;
2432;
2460;
2514;
2556;
2544;
2530;
2452;
2386;
2396;
2455;
2516;
2578;
2576;
2528;
2444;
2392;
2384;
2438;
2516;
2580;
2559;
2504;
2468;
2404;
2431;
2463;
2512;
2536;
2516;
2506;
2468;
2459;
2464;
2488;
2470;
2471;
2479;
2494;
2514;
2518;
2506;
2472;
2440;
2440;
2478;
2514;
2557;
2516;
2486;
2450;
2408;
2446;
2476;
2540;
2532;
2512;
2490;
2430;
2429;
2438;
2508;
2526;
2528;
2528;
2466;
2444;
2424;
2462;
2496;
2527;
2526;
2503;
2464;
2448;
2450;
2490;
2506;
2528;
2504;
2454;
2456;
2446;
2479;
2506;
2520;
2515;
2456;
2464;
2458;
2486;
2508;
2506;
2503;
2468;
2466;
2476;
2486;
2496;
2498;
2486;
2496;
2464;
2482;
2494;
2503;
2484;
2472;
2474;
2452;
2479;
2480;
2520;
2512;
2500;
2483;
2448;
2447;
2468;
2504;
2535;
2507;
2488;
2448;
2440;
2472;
2488;
2536;
2528;
2504;
2448;
2424;
2454;
2487;
2539;
2546;
2518;
2462;
2420;
2418;
2447;
2503;
2522;
2531;
2510;
2476;
2458;
2448;
2464;
2472;
2480;
2508;
2494;
2492;
2488;
2487;
2491;
2472;
2479;
2456;
2444;
2497;
2512;
2531;
2522;
2480;
2446;
2423;
2454;
2508;
2535;
2538;
2526;
2452;
2432;
2419;
2456;
2492;
2534;
2547;
2498;
2484;
2440;
2464;
2444;
2486;
2507;
2480;
2520;
2466;
2495;
2483;
2466;
2475;
2458;
2488;
2500;
2514;
2516;
2486;
2470;
2454;
2450;
2467;
2484;
2530;
2523;
2504;
2482;
2456;
2454;
2446;
2491;
2491;
2514;
2513;
2482;
2492;
2452;
2464;
2478;
2467;
2502;
2494;
2502;
2498;
2475;
2471;
2460;
2467;
2484;
2508;
2520;
2510;
2476;
2448;
2454;
2464;
2513;
2542;
2519;
2480;
2439;
2438;
2464;
2492;
2534;
2510;
2494;
2478;
2448;
2461;
2483;
2492;
2496;
2495;
2491;
2482;
2476;
2474;
2478;
2466;
2473;
2498;
2504;
2512;
2490;
2454;
2456;
2440;
2487;
2518;
2518;
2512;
2470;
2466;
2460;
2466;
2492;
2507;
2515;
2494;
2499;
2488;
2459;
2463;
2460;
2488;
2506;
2524;
2506;
2477;
2474;
2452;
2476;
2487;
2508;
2504;
2472;
2472;
2464;
2476;
2506;
2507;
2507;
2475;
2458;
2454;
2464;
2490;
2502;
2504;
2483;
2480;
2470;
2472;
2488;
2490;
2496;
2480;
2472;
2486;
2480;
2491;
2492;
2487;
2502;
2476;
2476;
2479;
2480;
2486;
2474;
2490;
2492;
2490;
2495;
2494;
2456;
2466;
2464;
2476;
2522;
2516;
2512;
2454;
2454;
2456;
2468;
2494;
2504;
2512;
2486;
2486;
2482;
2482;
2470;
2468;
2468;
2482;
2510;
2516;
2518;
2472;
2448;
2428;
2442;
2483;
2531;
2551;
2519;
2483;
2434;
2412;
2436;
2476;
2528;
2542;
2518;
2492;
2452;
2440;
2436;
2455;
2518;
2532;
2530;
2494;
2468;
2450;
2428;
2460;
2512;
2524;
2535;
2512;
2488;
2450;
2432;
2454;
2475;
2514;
2532;
2528;
2496;
2470;
2446;
2442;
2466;
2491;
2516;
2512;
2494;
2482;
2465;
2465;
2480;
2486;
2508;
2488;
2468;
2470;
2482;
2499;
2512;
2491;
2494;
2456;
2452;
2476;
2490;
2528;
2512;
2500;
2482;
2456;
2467;
2459;
2479;
2496;
2498;
2484;
2487;
2495;
2486;
2472;
2472;
2474;
2472;
2488;
2502;
2508;
2492;
2467;
2455;
2448;
2480;
2503;
2531;
2524;
2485;
2461;
2436;
2450;
2493;
2512;
2520;
2506;
2484;
2468;
2466;
2476;
2492;
2484;
2484;
2473;
2476;
2486;
2487;
2494;
2479;
2498;
2479;
2467;
2470;
2477;
2480;
2488;
2503;
2506;
2503;
2484;
2471;
2446;
2455;
2478;
2493;
2520;
2520;
2500;
2470;
2459;
2467;
2471;
2472;
2499;
2504;
2498;
2496;
2482;
2474;
2456;
2466;
2491;
2508;
2512;
2500;
2464;
2466;
2468;
2468;
2501;
2506;
2510;
2483;
2475;
2467;
2467;
2482;
2508;
2500;
2494;
2474;
2463;
2478;
2475;
2508;
2482;
2483;
2474;
2487;
2502;
2484;
2484;
2472;
2468;
2484;
2503;
2494;
2486;
2460;
2458;
2468;
2518;
2516;
2499;
2464;
2458;
2466;
2479;
2520;
2512;
2494;
2452;
2463;
2468;
2490;
2520;
2494;
2484;
2448;
2470;
2480;
2510;
2512;
2496;
2462;
2450;
2476;
2474;
2510;
2504;
2496;
2454;
2462;
2484;
2510;
2502;
2494;
2472;
2432;
2460;
2491;
2531;
2528;
2502;
2468;
2428;
2444;
2466;
2515;
2540;
2533;
2486;
2442;
2444;
2450;
2488;
2518;
2520;
2492;
2480;
2464;
2462;
2481;
2491;
2500;
2460;
2487;
2474;
2480;
2498;
2491;
2503;
2456;
2476;
2471;
2484;
2508;
2512;
2494;
2453;
2458;
2464;
2488;
2491;
2535;
2484;
2485;
2476;
2472;
2474;
2464;
2495;
2484;
2516;
2510;
2504;
2470;
2455;
2448;
2440;
2514;
2532;
2540;
2483;
2456;
2432;
2434;
2488;
2519;
2544;
2506;
2488;
2444;
2430;
2467;
2488;
2516;
2518;
2508;
2476;
2454;
2455;
2483;
2480;
2511;
2515;
2477;
2492;
2466;
2472;
2471;
2486;
2516;
2491;
2482;
2474;
2476;
2474;
2515;
2510;
2500;
2460;
2444;
2464;
2479;
2535;
2532;
2494;
2456;
2428;
2439;
2478;
2538;
2526;
2498;
2462;
2444;
2464;
2488;
2518;
2504;
2460;
2460;
2467;
2491;
2539;
2522;
2490;
2440;
2422;
2462;
2487;
2539;
2538;
2498;
2467;
2436;
2460;
2481;
2512;
2518;
2487;
2471;
2466;
2475;
2492;
2500;
2491;
2474;
2468;
2478;
2482;
2478;
2487;
2491;
2494;
2482;
2487;
2484;
2466;
2472;
2486;
2490;
2492;
2492;
2486;
2490;
2487;
2499;
2494;
2478;
2481;
2464;
2479;
2488;
2500;
2509;
2500;
2488;
2444;
2456;
2468;
2503;
2522;
2524;
2488;
2441;
2428;
2449;
2499;
2528;
2546;
2504;
2458;
2423;
2418;
2455;
2512;
2551;
2536;
2507;
2450;
2424;
2430;
2463;
2500;
2518;
2515;
2498;
2492;
2476;
2472;
2456;
2455;
2466;
2494;
2532;
2532;
2494;
2467;
2442;
2436;
2471;
2502;
2523;
2506;
2492;
2460;
2462;
2482;
2500;
2487;
2474;
2456;
2458;
2489;
2535;
2538;
2502;
2440;
2423;
2421;
2456;
2523;
2540;
2524;
2512;
2474;
2464;
2440;
2440;
2458;
2471;
2530;
2554;
2566;
2520;
2450;
2388;
2367;
2439;
2523;
2587;
2592;
2544;
2434;
2384;
2394;
2452;
2518;
2550;
2540;
2502;
2464;
2444;
2452;
2450;
2487;
2500;
2498;
2523;
2502;
2484;
2460;
2464;
2466;
2475;
2500;
2514;
2503;
2476;
2478;
2474;
2478;
2492;
2488;
2482;
2460;
2476;
2494;
2507;
2519;
2504;
2460;
2452;
2452;
2472;
2499;
2520;
2519;
2502;
2487;
2460;
2446;
2458;
2483;
2502;
2519;
2516;
2491;
2478;
2467;
2456;
2460;
2466;
2502;
2516;
2516;
2504;
2475;
2456;
2434;
2467;
2476;
2510;
2511;
2516;
2488;
2468;
2458;
2454;
2476;
2492;
2503;
2498;
2498;
2490;
2484;
2480;
2464;
2462;
2466;
2486;
2510;
2516;
2504;
2488;
2464;
2444;
2458;
2482;
2521;
2524;
2506;
2487;
2448;
2448;
2478;
2503;
2531;
2504;
2487;
2459;
2460;
2480;
2492;
2507;
2492;
2476;
2464;
2477;
2487;
2495;
2492;
2484;
2464;
2459;
2454;
2508;
2513;
2494;
2488;
2448;
2468;
2479;
2504;
2526;
2496;
2470;
2451;
2434;
2466;
2504;
2535;
2542;
2506;
2451;
2420;
2424;
2474;
2534;
2547;
2534;
2482;
2432;
2419;
2444;
2511;
2538;
2531;
2498;
2475;
2438;
2448;
2480;
2510;
2530;
2500;
2474;
2458;
2464;
2480;
2496;
2508;
2491;
2478;
2473;
2466;
2466;
2496;
2492;
2498;
2487;
2475;
2480;
2464;
2479;
2484;
2486;
2482;
2478;
2492;
2498;
2490;
2480;
2468;
2460;
2482;
2495;
2528;
2530;
2492;
2467;
2442;
2438;
2467;
2512;
2528;
2535;
2510;
2468;
2443;
2444;
2472;
2491;
2519;
2518;
2504;
2480;
2471;
2459;
2454;
2472;
2499;
2507;
2508;
2501;
2478;
2467;
2456;
2474;
2482;
2499;
2484;
2475;
2474;
2476;
2496;
2501;
2492;
2467;
2458;
2452;
2480;
2507;
2527;
2514;
2478;
2450;
2436;
2466;
2499;
2532;
2515;
2493;
2474;
2460;
2476;
2483;
2495;
2478;
2473;
2483;
2504;
2528;
2508;
2478;
2432;
2428;
2435;
2490;
2554;
2559;
2531;
2464;
2420;
2407;
2444;
2490;
2527;
2544;
2520;
2496;
2456;
2452;
2428;
2450;
2488;
2523;
2531;
2520;
2483;
2456;
2448;
2450;
2491;
2506;
2508;
2488;
2480;
2474;
2479;
2500;
2500;
2488;
2459;
2462;
2480;
2504;
2515;
2512;
2484;
2458;
2466;
2480;
2491;
2492;
2495;
2486;
2476;
2500;
2507;
2499;
2470;
2442;
2426;
2447;
2508;
2547;
2558;
2498;
2450;
2404;
2388;
2458;
2532;
2578;
2552;
2502;
2438;
2418;
2431;
2479;
2508;
2516;
2510;
2482;
2496;
2480;
2482;
2475;
2464;
2473;
2487;
2511;
2520;
2512;
2487;
2448;
2434;
2466;
2504;
2535;
2516;
2484;
2460;
2449;
2467;
2510;
2512;
2496;
2466;
2462;
2459;
2484;
2514;
2518;
2494;
2467;
2458;
2456;
2487;
2499;
2499;
2492;
2479;
2472;
2478;
2483;
2484;
2488;
2478;
2491;
2502;
2498;
2491;
2462;
2448;
2465;
2479;
2518;
2514;
2506;
2478;
2460;
2465;
2468;
2490;
2510;
2510;
2476;
2481;
2470;
2487;
2487;
2494;
2488;
2470;
2482;
2484;
2508;
2499;
2488;
2471;
2448;
2468;
2488;
2523;
2508;
2494;
2458;
2458;
2471;
2484;
2499;
2501;
2488;
2474;
2471;
2486;
2504;
2492;
2492;
2476;
2463;
2479;
2492;
2519;
2515;
2467;
2450;
2444;
2482;
2516;
2534;
2510;
2478;
2440;
2444;
2470;
2508;
2538;
2508;
2496;
2450;
2448;
2468;
2503;
2516;
2500;
2488;
2451;
2446;
2472;
2508;
2512;
2503;
2484;
2466;
2462;
2464;
2485;
2500;
2500;
2492;
2488;
2464;
2478;
2480;
2484;
2504;
2499;
2488;
2490;
2472;
2464;
2480;
2488;
2505;
2488;
2507;
2483;
2472;
2476;
2490;
2496;
2480;
2473;
2478;
2490;
2506;
2514;
2486;
2458;
2448;
2453;
2481;
2518;
2528;
2527;
2490;
2448;
2426;
2426;
2471;
2515;
2538;
2528;
2492;
2450;
2452;
2464;
2491;
2499;
2488;
2484;
2483;
2498;
2492;
2494;
2477;
2462;
2454;
2480;
2515;
2532;
2524;
2482;
2452;
2418;
2426;
2475;
2536;
2547;
2531;
2485;
2436;
2417;
2436;
2487;
2532;
2536;
2519;
2487;
2448;
2443;
2455;
2476;
2488;
2510;
2502;
2496;
2488;
2486;
2474;
2464;
2467;
2470;
2491;
2504;
2519;
2492;
2480;
2467;
2471;
2482;
2475;
2488;
2490;
2495;
2487;
2486;
2492;
2482;
2474;
2476;
2482;
2482;
2488;
2492;
2496;
2498;
2476;
2472;
2460;
2464;
2492;
2500;
2500;
2500;
2476;
2462;
2464;
2471;
2486;
2498;
2500;
2494;
2491;
2490;
2466;
2456;
2466;
2468;
2496;
2512;
2518;
2512;
2482;
2454;
2444;
2463;
2486;
2504;
2496;
2492;
2490;
2483;
2494;
2492;
2482;
2462;
2464;
2482;
2500;
2512;
2517;
2492;
2464;
2452;
2440;
2487;
2518;
2532;
2522;
2483;
2451;
2428;
2458;
2511;
2522;
2514;
2494;
2458;
2458;
2470;
2491;
2525;
2492;
2482;
2455;
2435;
2480;
2484;
2527;
2503;
2502;
2458;
2451;
2467;
2488;
2494;
2524;
2516;
2492;
2470;
2451;
2470;
2464;
2491;
2502;
2520;
2512;
2460;
2494;
2426;
2482;
2459;
2515;
2514;
2482;
2511;
2458;
2482;
2480;
2472;
2480;
2496;
2492;
2484;
2480;
2488;
2492;
2470;
2480;
2453;
2475;
2491;
2484;
2542;
2440;
2516;
2454;
2492;
2474;
2467;
2499;
2458;
2492;
2488;
2503;
2494;
2506;
2432;
2515;
2406;
2491;
2503;
2503;
2571;
2440;
2514;
2444;
2433;
2462;
2514;
2494;
2578;
2492;
2486;
2472;
2380;
2522;
2448;
2520;
2570;
2480;
2466;
2466;
2452;
2483;
2498;
2472;
2576;
2392;
2539;
2468;
2496;
2464;
2480;
2480;
2490;
2484;
2434;
2583;
2386;
2547;
2432;
2467;
2498;
2450;
2543;
2496;
2478;
2441;
2510;
2416;
2538;
2460;
2523;
2528;
2422;
2537;
2420;
2492;
2488;
2532;
2464;
2502;
2450;
2479;
2535;
2439;
2582;
2420;
2479;
2464;
2439;
2506;
2487;
2566;
2484;
2476;
2411;
2497;
2410;
2502;
2566;
2492;
2534;
2404;
2463;
2435;
2466;
2532;
2539;
2498;
2472;
2452;
2443;
2503;
2474;
2532;
2476;
2471;
2486;
2456;
2508;
2502;
2491;
2462;
2464;
2458;
2498;
2547;
2504;
2523;
2440;
2447;
2454;
2452;
2550;
2498;
2510;
2484;
2464;
2465;
2479;
2495;
2476;
2478;
2454;
2507;
2464;
2516;
2542;
2460;
2458;
2450;
2447;
2475;
2511;
2528;
2528;
2432;
2503;
2458;
2449;
2491;
2456;
2513;
2474;
2518;
2512;
2484;
2464;
2458;
2460;
2479;
2542;
2492;
2509;
2476;
2459;
2462;
2481;
2504;
2500;
2473;
2488;
2479;
2464;
2540;
2476;
2486;
2440;
2447;
2487;
2498;
2559;
2524;
2492;
2424;
2432;
2432;
2487;
2540;
2531;
2506;
2474;
2464;
2440;
2468;
2502;
2493;
2460;
2508;
2493;
2498;
2491;
2495;
2467;
2443;
2476;
2484;
2512;
2508;
2506;
2476;
2470;
2478;
2476;
2478;
2491;
2491;
2490;
2488;
2492;
2486;
2462;
2502;
2470;
2470;
2500;
2492;
2523;
2476;
2483;
2463;
2459;
2483;
2472;
2506;
2476;
2491;
2476;
2491;
2503;
2490;
2460;
2454;
2454;
2464;
2513;
2523;
2551;
2488;
2459;
2414;
2426;
2463;
2516;
2558;
2504;
2510;
2432;
2450;
2446;
2480;
2522;
2488;
2512;
2460;
2488;
2471;
2498;
2492;
2486;
2474;
2452;
2468;
2479;
2526;
2515;
2496;
2458;
2444;
2460;
2488;
2526;
2522;
2488;
2440;
2443;
2444;
2502;
2528;
2522;
2510;
2450;
2435;
2451;
2486;
2532;
2516;
2499;
2459;
2442;
2456;
2482;
2519;
2514;
2496;
2471;
2460;
2452;
2485;
2505;
2515;
2508;
2486;
2460;
2457;
2470;
2492;
2526;
2502;
2506;
2482;
2454;
2456;
2458;
2487;
2491;
2522;
2526;
2499;
2479;
2434;
2435;
2454;
2495;
2530;
2534;
2531;
2488;
2436;
2411;
2440;
2482;
2504;
2551;
2531;
2506;
2460;
2434;
2440;
2455;
2502;
2519;
2517;
2504;
2490;
2468;
2459;
2456;
2480;
2490;
2524;
2520;
2488;
2476;
2458;
2462;
2481;
2488;
2496;
2491;
2500;
2488;
2494;
2483;
2498;
2487;
2468;
2466;
2476;
2492;
2492;
2480;
2492;
2483;
2498;
2511;
2482;
2484;
2432;
2438;
2450;
2498;
2556;
2543;
2510;
2454;
2414;
2403;
2448;
2511;
2546;
2548;
2524;
2478;
2434;
2423;
2450;
2465;
2510;
2540;
2512;
2519;
2498;
2464;
2441;
2428;
2458;
2476;
2524;
2559;
2531;
2492;
2444;
2434;
2427;
2455;
2523;
2534;
2529;
2500;
2472;
2440;
2449;
2478;
2479;
2502;
2499;
2496;
2484;
2480;
2478;
2463;
2460;
2476;
2482;
2500;
2508;
2484;
2488;
2470;
2471;
2466;
2469;
2482;
2486;
2503;
2506;
2502;
2478;
2476;
2450;
2464;
2480;
2502;
2526;
2500;
2499;
2474;
2458;
2471;
2486;
2496;
2483;
2500;
2492;
2483;
2494;
2487;
2476;
2466;
2466;
2498;
2492;
2500;
2504;
2460;
2470;
2455;
2483;
2492;
2502;
2511;
2468;
2483;
2456;
2476;
2490;
2486;
2491;
2472;
2482;
2480;
2500;
2515;
2496;
2467;
2452;
2452;
2482;
2503;
2528;
2528;
2480;
2468;
2430;
2450;
2479;
2519;
2546;
2514;
2486;
2448;
2442;
2452;
2500;
2508;
2502;
2495;
2482;
2480;
2480;
2494;
2483;
2468;
2463;
2460;
2483;
2508;
2523;
2512;
2478;
2439;
2440;
2450;
2497;
2528;
2520;
2498;
2468;
2450;
2448;
2474;
2484;
2508;
2514;
2500;
2476;
2458;
2467;
2464;
2486;
2504;
2508;
2500;
2478;
2471;
2460;
2468;
2490;
2502;
2511;
2507;
2495;
2480;
2460;
2471;
2474;
2464;
2484;
2502;
2524;
2506;
2493;
2459;
2454;
2456;
2482;
2515;
2499;
2510;
2472;
2468;
2474;
2474;
2486;
2484;
2482;
2474;
2480;
2482;
2493;
2491;
2496;
2475;
2464;
2451;
2474;
2503;
2500;
2534;
2491;
2484;
2448;
2448;
2480;
2487;
2530;
2522;
2502;
2467;
2446;
2448;
2472;
2507;
2520;
2508;
2503;
2476;
2463;
2458;
2470;
2496;
2478;
2504;
2492;
2488;
2497;
2480;
2490;
2472;
2464;
2465;
2472;
2508;
2507;
2510;
2488;
2460;
2440;
2454;
2491;
2508;
2512;
2496;
2476;
2467;
2458;
2482;
2498;
2492;
2490;
2472;
2466;
2476;
2504;
2502;
2486;
2471;
2475;
2476;
2487;
2512;
2494;
2480;
2472;
2471;
2500;
2494;
2494;
2481;
2479;
2483;
2478;
2492;
2490;
2483;
2480;
2472;
2483;
2504;
2492;
2504;
2486;
2479;
2472;
2470;
2483;
2477;
2494;
2491;
2511;
2515;
2474;
2468;
2440;
2450;
2479;
2503;
2530;
2514;
2488;
2456;
2452;
2456;
2488;
2500;
2503;
2490;
2484;
2483;
2467;
2478;
2484;
2484;
2478;
2487;
2503;
2504;
2500;
2464;
2460;
2458;
2478;
2522;
2510;
2516;
2476;
2444;
2454;
2474;
2500;
2522;
2510;
2494;
2470;
2451;
2475;
2476;
2506;
2509;
2487;
2482;
2464;
2475;
2476;
2499;
2495;
2492;
2484;
2480;
2476;
2464;
2488;
2483;
2496;
2490;
2480;
2467;
2471;
2492;
2484;
2503;
2472;
2483;
2464;
2484;
2501;
2476;
2506;
2472;
2483;
2478;
2482;
2489;
2483;
2498;
2487;
2478;
2479;
2483;
2480;
2484;
2480;
2484;
2502;
2496;
2498;
2475;
2470;
2469;
2467;
2490;
2508;
2507;
2483;
2488;
2464;
2472;
2479;
2499;
2506;
2491;
2478;
2458;
2476;
2482;
2519;
2506;
2496;
2474;
2454;
2462;
2469;
2507;
2511;
2516;
2488;
2466;
2466;
2460;
2478;
2484;
2482;
2498;
2492;
2502;
2499;
2476;
2468;
2448;
2462;
2489;
2506;
2538;
2500;
2478;
2451;
2449;
2472;
2486;
2508;
2516;
2500;
2478;
2478;
2454;
2467;
2484;
2491;
2508;
2514;
2496;
2462;
2462;
2460;
2486;
2501;
2508;
2516;
2464;
2458;
2450;
2482;
2520;
2510;
2508;
2464;
2444;
2455;
2482;
2518;
2522;
2496;
2472;
2438;
2452;
2480;
2510;
2528;
2506;
2478;
2455;
2444;
2474;
2508;
2518;
2498;
2484;
2472;
2468;
2476;
2475;
2491;
2480;
2484;
2474;
2470;
2508;
2488;
2480;
2473;
2470;
2486;
2495;
2498;
2490;
2470;
2450;
2472;
2486;
2518;
2498;
2474;
2484;
2468;
2488;
2496;
2502;
2478;
2470;
2480;
2491;
2506;
2491;
2492;
2458;
2468;
2485;
2492;
2510;
2488;
2482;
2451;
2474;
2500;
2514;
2495;
2476;
2444;
2432;
2480;
2524;
2540;
2516;
2456;
2448;
2426;
2459;
2520;
2526;
2531;
2475;
2450;
2449;
2460;
2502;
2512;
2492;
2487;
2451;
2485;
2500;
2496;
2501;
2475;
2460;
2471;
2499;
2514;
2494;
2474;
2452;
2471;
2475;
2516;
2524;
2496;
