-1;
-1;
-1;
-1;
-1;
-1;
-1;
-1;
-1;
-1;
-1;
-1;
-1;
-1;
-1;
-1;
-1;
-1;
-1;
-1;
-1;
-1;
-1;
-1;
-1;
-1;
-1;
-1;
-1;
-1;
-1;
-1;
-1;
-1;
-1;
-1;
-1;
-1;
-1;
-1;
-1;
-1;
-1;
-1;
-1;
-1;
-1;
-1;
-1;
-1;
-1;
-1;
-1;
-1;
-1;
-1;
-1;
-1;
-1;
-1;
-1;
-1;
-1;
-1;
-1;
-1;
-1;
-1;
-1;
-1;
-1;
-1;
-1;
-1;
-1;
-1;
-1;
-1;
-1;
-1;
-1;
-1;
-1;
-1;
-1;
-1;
-1;
-1;
-1;
-1;
-1;
-1;
-1;
-1;
-1;
-1;
-1;
-1;
-1;
-1;
-1;
-1;
-1;
-1;
-1;
-1;
-1;
-1;
-1;
-1;
-1;
-1;
-1;
-1;
-1;
-1;
-1;
-1;
-1;
-1;
-1;
-1;
-1;
-1;
-1;
-1;
-1;
-1;
-1;
-1;
-1;
-1;
-1;
-1;
-1;
-1;
-1;
-1;
-1;
-1;
-1;
-1;
-1;
-1;
-1;
-1;
-1;
-1;
-1;
-1;
-1;
-1;
-1;
-1;
-1;
-1;
-1;
-1;
-1;
-1;
-1;
-1;
-1;
-1;
-1;
-1;
-1;
-1;
-1;
-1;
-1;
-1;
-1;
-1;
-1;
-1;
-1;
-1;
-1;
-1;
-1;
-1;
-1;
-1;
-1;
-1;
-1;
-1;
-1;
-1;
-1;
-1;
-1;
-1;
-1;
-1;
-1;
-1;
-1;
-1;
-1;
-1;
-1;
-1;
-1;
-1;
-1;
-1;
-1;
-1;
-1;
-1;
-1;
-1;
-1;
-1;
-1;
-1;
-1;
-1;
-1;
-1;
-1;
-1;
-1;
-1;
-1;
-1;
-1;
-1;
-1;
-1;
-1;
-1;
-1;
-1;
-1;
-1;
-1;
-1;
-1;
-1;
-1;
-1;
-1;
-1;
-1;
-1;
-1;
-1;
-1;
-1;
-1;
-1;
-1;
-1;
-1;
-1;
-1;
-1;
-1;
-1;
-1;
-1;
-1;
-1;
-1;
-1;
-1;
-1;
-1;
-1;
-1;
-1;
-1;
-1;
-1;
-1;
-1;
-1;
-1;
-1;
-1;
-1;
-1;
-1;
-1;
-1;
-1;
-1;
-1;
-1;
-1;
-1;
-1;
-1;
-1;
-1;
-1;
-1;
-1;
-1;
-1;
-1;
-1;
-1;
-1;
-1;
-1;
-1;
-1;
-1;
-1;
-1;
-1;
-1;
-1;
-1;
-1;
-1;
-1;
-1;
-1;
-1;
-1;
-1;
-1;
-1;
-1;
-1;
-1;
-1;
-1;
-1;
-1;
-1;
-1;
-1;
-1;
-1;
-1;
-1;
-1;
-1;
-1;
-1;
-1;
-1;
-1;
-1;
-1;
-1;
-1;
-1;
-1;
-1;
-1;
-1;
-1;
-1;
-1;
-1;
-1;
-1;
-1;
-1;
-1;
-1;
-1;
-1;
-1;
-1;
-1;
-1;
-1;
-1;
-1;
-1;
-1;
-1;
-1;
-1;
-1;
-1;
-1;
-1;
-1;
-1;
-1;
-1;
-1;
-1;
-1;
-1;
-1;
-1;
-1;
-1;
-1;
-1;
-1;
-1;
-1;
-1;
-1;
-1;
-1;
-1;
-1;
-1;
-1;
-1;
-1;
-1;
-1;
-1;
-1;
-1;
-1;
-1;
-1;
-1;
-1;
-1;
-1;
-1;
-1;
-1;
-1;
-1;
-1;
-1;
-1;
-1;
-1;
-1;
-1;
-1;
-1;
-1;
-1;
-1;
-1;
-1;
-1;
-1;
-1;
-1;
-1;
-1;
-1;
-1;
-1;
-1;
-1;
-1;
-1;
-1;
-1;
-1;
-1;
-1;
-1;
-1;
-1;
-1;
-1;
-1;
-1;
-1;
-1;
-1;
-1;
-1;
-1;
-1;
-1;
-1;
-1;
-1;
-1;
-1;
-1;
-1;
-1;
-1;
-1;
-1;
-1;
-1;
-1;
-1;
-1;
-1;
-1;
-1;
-1;
-1;
-1;
-1;
-1;
-1;
-1;
-1;
-1;
-1;
-1;
-1;
-1;
-1;
-1;
-1;
-1;
-1;
-1;
-1;
-1;
-1;
-1;
-1;
-1;
-1;
-1;
-1;
-1;
-1;
-1;
-1;
-1;
-1;
-1;
-1;
-1;
-1;
-1;
-1;
-1;
-1;
-1;
-1;
-1;
-1;
-1;
-1;
-1;
-1;
-1;
-1;
-1;
-1;
-1;
-1;
-1;
-1;
-1;
-1;
-1;
-1;
-1;
-1;
-1;
-1;
-1;
-1;
-1;
-1;
-1;
-1;
-1;
-1;
-1;
-1;
-1;
-1;
-1;
-1;
-1;
-1;
-1;
-1;
-1;
-1;
-1;
-1;
-1;
-1;
-1;
-1;
-1;
-1;
-1;
-1;
-1;
-1;
-1;
-1;
-1;
-1;
-1;
-1;
-1;
-1;
-1;
-1;
-1;
-1;
-1;
-1;
-1;
-1;
-1;
-1;
-1;
-1;
-1;
-1;
-1;
-1;
-1;
-1;
-1;
-1;
-1;
-1;
-1;
-1;
-1;
-1;
-1;
-1;
-1;
-1;
-1;
-1;
-1;
-1;
-1;
-1;
-1;
-1;
-1;
-1;
-1;
-1;
-1;
-1;
-1;
-1;
-1;
-1;
-1;
-1;
-1;
-1;
-1;
-1;
-1;
-1;
-1;
-1;
-1;
-1;
-1;
-1;
-1;
-1;
-1;
-1;
-1;
-1;
-1;
-1;
-1;
-1;
-1;
-1;
-1;
-1;
-1;
-1;
-1;
-1;
-1;
-1;
-1;
-1;
-1;
-1;
-1;
-1;
-1;
-1;
-1;
-1;
-1;
-1;
-1;
-1;
-1;
-1;
-1;
-1;
-1;
-1;
-1;
-1;
-1;
-1;
-1;
-1;
-1;
-1;
-1;
-1;
-1;
-1;
-1;
-1;
-1;
-1;
-1;
-1;
-1;
-1;
-1;
-1;
-1;
-1;
-1;
-1;
-1;
-1;
-1;
-1;
-1;
-1;
-1;
-1;
-1;
-1;
-1;
-1;
-1;
-1;
-1;
-1;
-1;
-1;
-1;
-1;
-1;
-1;
-1;
-1;
-1;
-1;
-1;
-1;
-1;
-1;
-1;
-1;
-1;
-1;
-1;
-1;
-1;
-1;
-1;
-1;
-1;
-1;
-1;
-1;
-1;
-1;
-1;
-1;
-1;
-1;
-1;
-1;
-1;
-1;
-1;
-1;
-1;
-1;
-1;
-1;
-1;
-1;
-1;
-1;
-1;
-1;
-1;
-1;
-1;
-1;
-1;
-1;
-1;
-1;
-1;
-1;
-1;
-1;
-1;
-1;
-1;
-1;
-1;
-1;
-1;
-1;
-1;
-1;
-1;
-1;
-1;
-1;
-1;
-1;
-1;
-1;
-1;
-1;
-1;
-1;
-1;
-1;
-1;
-1;
-1;
-1;
-1;
-1;
-1;
-1;
-1;
-1;
-1;
-1;
-1;
-1;
-1;
-1;
-1;
-1;
-1;
-1;
-1;
-1;
-1;
-1;
-1;
-1;
-1;
-1;
-1;
-1;
-1;
-1;
-1;
-1;
-1;
-1;
-1;
-1;
-1;
-1;
-1;
-1;
-1;
-1;
-1;
-1;
-1;
-1;
-1;
-1;
-1;
-1;
-1;
-1;
-1;
-1;
-1;
-1;
-1;
-1;
-1;
-1;
-1;
-1;
-1;
-1;
-1;
-1;
-1;
-1;
-1;
-1;
-1;
-1;
-1;
-1;
-1;
-1;
-1;
-1;
-1;
-1;
-1;
-1;
-1;
-1;
-1;
-1;
-1;
-1;
-1;
-1;
-1;
-1;
-1;
-1;
-1;
-1;
-1;
-1;
-1;
-1;
-1;
-1;
-1;
-1;
-1;
-1;
-1;
-1;
-1;
-1;
-1;
-1;
-1;
-1;
-1;
-1;
-1;
-1;
-1;
-1;
-1;
-1;
-1;
-1;
-1;
-1;
-1;
-1;
-1;
-1;
-1;
-1;
-1;
-1;
-1;
-1;
-1;
-1;
-1;
-1;
-1;
-1;
-1;
-1;
-1;
-1;
-1;
-1;
-1;
-1;
-1;
-1;
-1;
-1;
-1;
-1;
-1;
-1;
-1;
-1;
-1;
-1;
-1;
-1;
-1;
-1;
-1;
-1;
-1;
-1;
-1;
-1;
-1;
-1;
-1;
-1;
-1;
-1;
-1;
-1;
-1;
-1;
-1;
-1;
-1;
-1;
-1;
-1;
-1;
-1;
-1;
-1;
-1;
-1;
-1;
-1;
-1;
-1;
-1;
-1;
-1;
-1;
-1;
-1;
-1;
-1;
-1;
-1;
-1;
-1;
-1;
-1;
-1;
-1;
-1;
-1;
-1;
-1;
-1;
-1;
-1;
-1;
-1;
-1;
-1;
-1;
-1;
-1;
-1;
-1;
-1;
-1;
-1;
-1;
-1;
-1;
-1;
-1;
-1;
-1;
-1;
-1;
-1;
-1;
-1;
-1;
-1;
-1;
-1;
-1;
-1;
-1;
-1;
-1;
-1;
-1;
-1;
-1;
-1;
-1;
-1;
-1;
-1;
-1;
-1;
-1;
-1;
-1;
-1;
-1;
-1;
-1;
-1;
-1;
-1;
-1;
-1;
-1;
-1;
-1;
-1;
-1;
-1;
-1;
-1;
-1;
-1;
-1;
-1;
-1;
-1;
-1;
-1;
-1;
-1;
-1;
-1;
-1;
-1;
-1;
-1;
-1;
-1;
-1;
-1;
-1;
-1;
-1;
-1;
-1;
-1;
-1;
-1;
-1;
-1;
-1;
-1;
-1;
-1;
-1;
-1;
-1;
-1;
-1;
-1;
-1;
-1;
-1;
-1;
-1;
-1;
-1;
-1;
-1;
-1;
-1;
-1;
-1;
-1;
-1;
-1;
-1;
-1;
-1;
-1;
-1;
-1;
-1;
-1;
-1;
-1;
-1;
-1;
-1;
-1;
-1;
-1;
-1;
-1;
-1;
-1;
-1;
-1;
-1;
-1;
-1;
-1;
-1;
-1;
-1;
-1;
-1;
-1;
-1;
-1;
-1;
-1;
-1;
-1;
-1;
-1;
-1;
-1;
-1;
-1;
-1;
-1;
-1;
-1;
-1;
-1;
-1;
-1;
-1;
-1;
-1;
-1;
-1;
-1;
-1;
-1;
-1;
-1;
-1;
-1;
0;
897;
871;
1055;
1383;
1467;
1531;
1675;
1651;
1753;
1814;
1855;
1942;
1804;
1847;
1792;
1871;
1949;
1923;
2127;
2050;
2127;
2024;
1977;
2111;
1992;
2196;
2155;
2243;
2323;
2148;
2261;
2116;
2194;
2242;
2211;
2421;
2354;
2398;
2320;
2240;
2319;
2208;
2347;
2384;
2423;
2493;
2314;
2367;
2288;
2324;
2410;
2355;
2543;
2464;
2487;
2448;
2367;
2479;
2352;
2455;
2466;
2463;
2467;
2342;
2463;
2400;
2392;
2423;
2382;
2515;
2494;
2534;
2500;
2446;
2507;
2392;
2468;
2500;
2510;
2576;
2512;
2575;
2432;
2339;
2342;
2350;
2538;
2500;
2512;
2468;
2402;
2439;
2384;
2491;
2523;
2565;
2580;
2504;
2543;
2428;
2444;
2480;
2515;
2591;
2484;
2491;
2404;
2378;
2447;
2395;
2494;
2484;
2503;
2500;
2455;
2517;
2424;
2463;
2508;
2528;
2594;
2512;
2535;
2459;
2448;
2507;
2456;
2526;
2448;
2458;
2476;
2444;
2496;
2367;
2400;
2443;
2498;
2579;
2506;
2571;
2506;
2472;
2504;
2440;
2544;
2492;
2532;
2576;
2490;
2504;
2344;
2384;
2443;
2483;
2534;
2418;
2503;
2468;
2444;
2495;
2440;
2528;
2492;
2547;
2559;
2490;
2538;
2408;
2449;
2507;
2507;
2538;
2394;
2471;
2448;
2432;
2484;
2416;
2455;
2438;
2503;
2548;
2528;
2554;
2454;
2487;
2484;
2468;
2514;
2474;
2571;
2540;
2510;
2503;
2352;
2374;
2390;
2507;
2550;
2480;
2495;
2403;
2471;
2492;
2482;
2524;
2476;
2552;
2510;
2490;
2500;
2448;
2503;
2480;
2550;
2519;
2410;
2438;
2416;
2484;
2484;
2426;
2438;
2435;
2543;
2518;
2519;
2510;
2450;
2501;
2454;
2522;
2534;
2502;
2538;
2468;
2508;
2476;
2442;
2436;
2428;
2530;
2490;
2464;
2451;
2402;
2475;
2469;
2548;
2528;
2480;
2524;
2475;
2531;
2494;
2483;
2507;
2464;
2559;
2499;
2438;
2416;
2383;
2491;
2492;
2520;
2466;
2400;
2478;
2467;
2512;
2474;
2478;
2530;
2506;
2551;
2490;
2501;
2495;
2466;
2535;
2488;
2483;
2404;
2396;
2483;
2451;
2496;
2442;
2454;
2523;
2490;
2538;
2490;
2482;
2494;
2458;
2504;
2476;
2492;
2490;
2486;
2548;
2534;
2512;
2404;
2358;
2407;
2443;
2542;
2488;
2501;
2486;
2458;
2515;
2482;
2526;
2514;
2508;
2527;
2466;
2468;
2428;
2466;
2539;
2544;
2532;
2418;
2400;
2422;
2441;
2492;
2439;
2466;
2484;
2492;
2539;
2492;
2510;
2476;
2498;
2512;
2482;
2527;
2488;
2511;
2492;
2474;
2491;
2446;
2470;
2460;
2492;
2508;
2424;
2424;
2416;
2467;
2520;
2510;
2531;
2488;
2490;
2474;
2475;
2522;
2488;
2514;
2483;
2506;
2490;
2422;
2454;
2439;
2504;
2513;
2444;
2436;
2424;
2478;
2508;
2512;
2528;
2480;
2491;
2478;
2470;
2510;
2500;
2527;
2499;
2498;
2464;
2432;
2462;
2459;
2515;
2496;
2485;
2464;
2419;
2460;
2456;
2492;
2532;
2516;
2551;
2506;
2486;
2464;
2442;
2479;
2497;
2548;
2550;
2518;
2478;
2367;
2390;
2402;
2455;
2502;
2507;
2548;
2515;
2500;
2455;
2432;
2487;
2490;
2536;
2528;
2525;
2500;
2446;
2482;
2466;
2479;
2486;
2482;
2488;
2448;
2454;
2416;
2418;
2475;
2476;
2527;
2542;
2547;
2532;
2480;
2458;
2439;
2470;
2500;
2507;
2539;
2483;
2486;
2472;
2456;
2456;
2450;
2482;
2480;
2476;
2466;
2446;
2496;
2490;
2514;
2524;
2503;
2511;
2478;
2483;
2488;
2479;
2504;
2462;
2492;
2476;
2503;
2487;
2469;
2478;
2434;
2455;
2459;
2444;
2471;
2494;
2543;
2585;
2566;
2512;
2387;
2359;
2379;
2487;
2583;
2668;
2650;
2528;
2396;
2228;
2226;
2367;
2553;
2711;
2736;
2598;
2406;
2246;
2227;
2356;
2529;
2715;
2770;
2694;
2516;
2300;
2187;
2260;
2410;
2615;
2796;
2728;
2592;
2336;
2184;
2188;
2291;
2551;
2703;
2814;
2728;
2480;
2303;
2160;
2275;
2479;
2676;
2799;
2684;
2500;
2298;
2192;
2339;
2458;
2606;
2675;
2564;
2535;
2332;
2299;
2343;
2434;
2620;
2658;
2634;
2520;
2376;
2326;
2392;
2487;
2622;
2648;
2488;
2450;
2303;
2383;
2454;
2555;
2676;
2572;
2424;
2291;
2196;
2356;
2611;
2734;
2868;
2592;
2370;
2194;
2108;
2389;
2558;
2804;
2830;
2664;
2440;
2192;
2090;
2195;
2463;
2710;
2912;
2764;
2546;
2240;
2073;
2165;
2359;
2668;
2876;
2900;
2680;
2372;
2066;
2071;
2245;
2539;
2895;
2912;
2778;
2384;
2089;
2040;
2167;
2495;
2738;
2900;
2792;
2568;
2272;
2122;
2175;
2395;
2684;
2803;
2802;
2558;
2320;
2182;
2220;
2468;
2623;
2695;
2612;
2506;
2354;
2264;
2311;
2414;
2595;
2676;
2658;
2552;
2439;
2352;
2397;
2444;
2532;
2559;
2536;
2542;
2444;
2473;
2435;
2434;
2472;
2468;
2535;
2476;
2455;
2418;
2410;
2491;
2542;
2594;
2572;
2502;
2438;
2380;
2391;
2455;
2535;
2608;
2594;
2559;
2458;
2336;
2288;
2316;
2503;
2581;
2648;
2649;
2496;
2438;
2272;
2268;
2382;
2535;
2748;
2802;
2696;
2442;
2208;
2080;
2223;
2487;
2807;
2926;
2738;
2472;
2160;
2010;
2147;
2406;
2735;
2955;
2828;
2610;
2256;
2126;
2209;
2391;
2654;
2742;
2704;
2572;
2392;
2303;
2358;
2407;
2506;
2554;
2558;
2559;
2456;
2420;
2396;
2434;
2506;
2541;
2536;
2558;
2484;
2464;
2438;
2404;
2491;
2477;
2551;
2542;
2499;
2484;
2402;
2404;
2459;
2518;
2530;
2499;
2448;
2418;
2444;
2500;
2574;
2592;
2548;
2456;
2346;
2315;
2399;
2527;
2671;
2711;
2636;
2464;
2216;
2175;
2271;
2479;
2735;
2792;
2756;
2512;
2280;
2133;
2161;
2413;
2614;
2831;
2803;
2632;
2416;
2185;
2182;
2263;
2477;
2687;
2748;
2722;
2592;
2412;
2280;
2196;
2266;
2403;
2603;
2778;
2786;
2728;
2481;
2246;
2096;
2106;
2367;
2661;
2931;
2924;
2722;
2370;
2024;
1956;
2138;
2519;
2875;
3030;
2912;
2536;
2152;
1920;
1985;
2327;
2719;
3015;
3020;
2736;
2328;
1992;
1922;
2175;
2543;
2911;
3046;
2866;
2488;
2114;
1930;
2049;
2399;
2750;
3039;
2970;
2672;
2264;
1962;
1956;
2189;
2591;
2931;
3061;
2858;
2468;
2056;
1880;
2055;
2403;
2839;
3087;
2992;
2656;
2176;
1912;
1933;
2235;
2670;
3004;
3046;
2800;
2320;
2000;
1902;
2138;
2543;
2875;
3034;
2816;
2480;
2136;
2019;
2175;
2447;
2770;
2863;
2808;
2558;
2242;
2139;
2155;
2407;
2639;
2782;
2780;
2564;
2354;
2186;
2168;
2351;
2575;
2772;
2811;
2642;
2448;
2226;
2159;
2275;
2484;
2726;
2807;
2740;
2514;
2296;
2140;
2187;
2367;
2588;
2779;
2779;
2658;
2444;
2242;
2185;
2251;
2452;
2655;
2768;
2771;
2610;
2402;
2234;
2194;
2319;
2491;
2676;
2742;
2672;
2506;
2323;
2272;
2272;
2396;
2551;
2655;
2675;
2592;
2484;
2360;
2333;
2367;
2440;
2578;
2623;
2640;
2544;
2424;
2358;
2311;
2385;
2479;
2585;
2646;
2600;
2514;
2388;
2327;
2355;
2419;
2554;
2630;
2663;
2594;
2482;
2387;
2290;
2339;
2422;
2555;
2676;
2671;
2598;
2432;
2288;
2228;
2287;
2467;
2642;
2762;
2736;
2568;
2370;
2216;
2227;
2350;
2527;
2715;
2776;
2746;
2544;
2320;
2175;
2111;
2292;
2524;
2788;
2908;
2780;
2496;
2148;
1998;
2107;
2415;
2767;
2980;
2922;
2616;
2258;
2018;
2039;
2319;
2652;
2902;
2902;
2672;
2376;
2106;
2095;
2255;
2483;
2740;
2803;
2758;
2552;
2308;
2188;
2166;
2355;
2599;
2795;
2832;
2682;
2409;
2175;
2117;
2269;
2535;
2750;
2823;
2684;
2424;
2208;
2134;
2268;
2519;
2733;
2823;
2708;
2456;
2280;
2175;
2295;
2478;
2674;
2772;
2696;
2556;
2356;
2234;
2236;
2339;
2527;
2666;
2721;
2652;
2482;
2346;
2242;
2280;
2410;
2583;
2711;
2718;
2638;
2450;
2302;
2250;
2315;
2493;
2632;
2716;
2668;
2520;
2360;
2246;
2275;
2367;
2535;
2686;
2704;
2646;
2456;
2324;
2254;
2316;
2499;
2620;
2731;
2684;
2540;
2386;
2264;
2282;
2363;
2514;
2643;
2670;
2623;
2496;
2342;
2284;
2302;
2436;
2567;
2673;
2676;
2580;
2482;
2346;
2322;
2347;
2471;
2600;
2638;
2644;
2514;
2392;
2320;
2315;
2414;
2490;
2605;
2623;
2572;
2506;
2396;
2361;
2387;
2455;
2555;
2612;
2610;
2546;
2452;
2392;
2374;
2423;
2468;
2543;
2548;
2546;
2492;
2416;
2408;
2402;
2466;
2527;
2542;
2544;
2496;
2476;
2464;
2470;
2494;
2486;
2486;
2484;
2483;
2491;
2499;
2500;
2490;
2460;
2434;
2418;
2450;
2502;
2539;
2552;
2534;
2498;
2439;
2436;
2440;
2484;
2532;
2547;
2554;
2512;
2488;
2435;
2414;
2404;
2423;
2508;
2539;
2557;
2532;
2467;
2412;
2376;
2424;
2490;
2550;
2596;
2566;
2519;
2450;
2400;
2404;
2439;
2526;
2559;
2532;
2517;
2432;
2423;
2404;
2439;
2498;
2521;
2542;
2512;
2480;
2466;
2448;
2475;
2488;
2526;
2531;
2514;
2482;
2462;
2462;
2474;
2470;
2475;
2475;
2484;
2470;
2493;
2490;
2479;
2500;
2476;
2485;
2497;
2492;
2515;
2474;
2499;
2504;
2482;
2515;
2484;
2478;
2460;
2458;
2463;
2483;
2512;
2512;
2480;
2450;
2424;
2422;
2475;
2548;
2559;
2566;
2490;
2422;
2407;
2451;
2508;
2556;
2546;
2512;
2464;
2420;
2422;
2445;
2482;
2502;
2488;
2466;
2480;
2491;
2503;
2481;
2460;
2450;
2454;
2508;
2559;
2588;
2566;
2464;
2382;
2363;
2419;
2534;
2596;
2598;
2528;
2396;
2350;
2342;
2448;
2554;
2599;
2599;
2504;
2408;
2356;
2398;
2509;
2602;
2634;
2568;
2452;
2354;
2348;
2422;
2511;
2602;
2606;
2528;
2435;
2331;
2347;
2404;
2511;
2618;
2634;
2599;
2466;
2388;
2355;
2388;
2491;
2567;
2618;
2612;
2536;
2464;
2360;
2318;
2338;
2442;
2579;
2644;
2634;
2531;
2394;
2310;
2294;
2394;
2557;
2679;
2719;
2622;
2456;
2296;
2234;
2324;
2511;
2679;
2714;
2644;
2464;
2296;
2236;
2316;
2468;
2604;
2686;
2644;
2540;
2412;
2324;
2336;
2416;
2534;
2615;
2647;
2588;
2481;
2380;
2339;
2355;
2427;
2523;
2612;
2616;
2552;
2432;
2348;
2343;
2392;
2508;
2619;
2636;
2612;
2480;
2406;
2346;
2375;
2463;
2558;
2644;
2611;
2528;
2408;
2326;
2341;
2419;
2535;
2604;
2582;
2528;
2428;
2390;
2382;
2444;
2540;
2586;
2603;
2534;
2444;
2414;
2403;
2476;
2544;
2572;
2536;
2451;
2401;
2394;
2442;
2486;
2535;
2542;
2507;
2462;
2432;
2444;
2478;
2515;
2566;
2566;
2534;
2456;
2400;
2423;
2451;
2536;
2559;
2526;
2480;
2418;
2400;
2418;
2454;
2516;
2547;
2554;
2516;
2457;
2439;
2432;
2493;
2538;
2558;
2542;
2490;
2450;
2430;
2447;
2454;
2488;
2522;
2536;
2520;
2470;
2406;
2380;
2418;
2495;
2580;
2623;
2580;
2483;
2390;
2352;
2401;
2492;
2606;
2666;
2608;
2488;
2345;
2270;
2316;
2479;
2623;
2686;
2596;
2451;
2336;
2316;
2399;
2519;
2611;
2642;
2566;
2464;
2400;
2367;
2436;
2516;
2580;
2592;
2521;
2419;
2359;
2389;
2450;
2523;
2558;
2528;
2502;
2468;
2443;
2451;
2455;
2484;
2519;
2534;
2548;
2518;
2480;
2450;
2422;
2435;
2464;
2492;
2534;
2552;
2540;
2468;
2384;
2332;
2375;
2487;
2623;
2654;
2618;
2484;
2339;
2308;
2367;
2487;
2623;
2668;
2623;
2512;
2367;
2308;
2320;
2422;
2546;
2611;
2623;
2522;
2424;
2367;
2383;
2452;
2504;
2566;
2569;
2550;
2498;
2448;
2434;
2435;
2490;
2539;
2550;
2536;
2476;
2439;
2416;
2420;
2423;
2468;
2510;
2535;
2544;
2520;
2464;
2435;
2422;
2463;
2512;
2558;
2556;
2516;
2482;
2464;
2470;
2464;
2488;
2483;
2479;
2464;
2438;
2440;
2460;
2512;
2550;
2535;
2493;
2408;
2388;
2447;
2532;
2604;
2610;
2544;
2468;
2400;
2392;
2426;
2479;
2550;
2544;
2516;
2460;
2398;
2408;
2439;
2509;
2542;
2531;
2490;
2454;
2458;
2480;
2528;
2526;
2530;
2504;
2486;
2482;
2458;
2454;
2464;
2472;
2500;
2487;
2472;
2454;
2462;
2494;
2494;
2482;
2469;
2459;
2494;
2514;
2542;
2539;
2528;
2482;
2456;
2457;
2459;
2471;
2476;
2502;
2490;
2478;
2461;
2448;
2470;
2491;
2494;
2508;
2483;
2480;
2480;
2490;
2524;
2507;
2492;
2494;
2491;
2504;
2508;
2480;
2470;
2438;
2435;
2455;
2472;
2511;
2514;
2523;
2498;
2454;
2418;
2427;
2483;
2540;
2584;
2576;
2512;
2443;
2406;
2423;
2467;
2524;
2544;
2540;
2496;
2442;
2410;
2388;
2416;
2492;
2552;
2576;
2548;
2490;
2436;
2422;
2430;
2484;
2524;
2527;
2548;
2520;
2476;
2426;
2404;
2418;
2468;
2522;
2542;
2524;
2480;
2442;
2424;
2432;
2472;
2514;
2540;
2538;
2515;
2476;
2455;
2442;
2458;
2501;
2526;
2522;
2487;
2464;
2444;
2466;
2475;
2488;
2493;
2495;
2484;
2492;
2480;
2483;
2486;
2496;
2512;
2498;
2486;
2480;
2476;
2498;
2507;
2496;
2466;
2458;
2454;
2475;
2488;
2494;
2488;
2483;
2470;
2472;
2474;
2492;
2494;
2512;
2513;
2512;
2490;
2462;
2451;
2452;
2495;
2510;
2516;
2506;
2487;
2464;
2435;
2436;
2454;
2503;
2540;
2546;
2522;
2474;
2440;
2440;
2486;
2530;
2547;
2538;
2496;
2458;
2446;
2438;
2456;
2494;
2514;
2531;
2487;
2462;
2444;
2448;
2466;
2494;
2520;
2518;
2508;
2482;
2462;
2474;
2474;
2486;
2508;
2516;
2516;
2496;
2450;
2427;
2425;
2455;
2508;
2536;
2539;
2498;
2442;
2412;
2418;
2452;
2523;
2572;
2584;
2540;
2464;
2412;
2390;
2439;
2509;
2558;
2588;
2540;
2458;
2394;
2367;
2416;
2476;
2555;
2579;
2551;
2480;
2420;
2398;
2430;
2495;
2548;
2586;
2544;
2482;
2426;
2412;
2438;
2483;
2519;
2518;
2512;
2498;
2482;
2443;
2440;
2444;
2464;
2494;
2535;
2552;
2538;
2508;
2452;
2426;
2420;
2467;
2529;
2570;
2581;
2524;
2442;
2396;
2367;
2423;
2499;
2559;
2586;
2538;
2456;
2400;
2382;
2438;
2500;
2547;
2574;
2544;
2514;
2466;
2436;
2434;
2455;
2470;
2506;
2530;
2516;
2522;
2475;
2442;
2424;
2419;
2463;
2512;
2556;
2572;
2532;
2459;
2400;
2391;
2455;
2535;
2579;
2594;
2523;
2443;
2367;
2367;
2447;
2532;
2587;
2590;
2520;
2424;
2358;
2359;
2449;
2554;
2618;
2616;
2524;
2438;
2382;
2364;
2445;
2526;
2599;
2608;
2531;
2440;
2364;
2344;
2414;
2506;
2595;
2618;
2556;
2456;
2367;
2350;
2415;
2506;
2599;
2618;
2568;
2494;
2404;
2367;
2408;
2467;
2543;
2566;
2559;
2498;
2416;
2391;
2410;
2450;
2510;
2551;
2552;
2543;
2492;
2440;
2406;
2410;
2472;
2537;
2581;
2598;
2534;
2444;
2382;
2343;
2402;
2492;
2596;
2640;
2579;
2480;
2358;
2300;
2362;
2481;
2623;
2686;
2618;
2499;
2376;
2326;
2359;
2460;
2572;
2620;
2594;
2524;
2432;
2394;
2384;
2415;
2476;
2520;
2538;
2528;
2524;
2495;
2466;
2426;
2395;
2436;
2504;
2582;
2599;
2556;
2480;
2412;
2367;
2407;
2495;
2539;
2575;
2538;
2466;
2426;
2418;
2459;
2506;
2536;
2523;
2490;
2459;
2455;
2476;
2515;
2528;
2518;
2478;
2451;
2440;
2452;
2494;
2531;
2535;
2506;
2462;
2424;
2411;
2446;
2508;
2552;
2559;
2528;
2438;
2396;
2410;
2475;
2548;
2582;
2559;
2499;
2426;
2380;
2402;
2464;
2549;
2580;
2544;
2482;
2409;
2394;
2418;
2472;
2549;
2551;
2540;
2504;
2456;
2452;
2454;
2458;
2500;
2515;
2526;
2524;
2498;
2476;
2460;
2439;
2468;
2470;
2488;
2512;
2508;
2511;
2492;
2466;
2456;
2440;
2463;
2506;
2534;
2528;
2500;
2467;
2454;
2456;
2480;
2491;
2499;
2496;
2490;
2464;
2460;
2475;
2512;
2526;
2502;
2476;
2434;
2436;
2478;
2536;
2559;
2544;
2480;
2436;
2420;
2444;
2486;
2518;
2550;
2518;
2472;
2442;
2423;
2444;
2480;
2540;
2528;
2512;
2476;
2446;
2448;
2476;
2519;
2525;
2508;
2480;
2476;
2484;
2482;
2472;
2464;
2472;
2504;
2490;
2502;
2487;
2462;
2484;
2480;
2474;
2478;
2483;
2499;
2518;
2528;
2504;
2448;
2434;
2456;
2492;
2537;
2532;
2500;
2470;
2448;
2443;
2447;
2475;
2515;
2520;
2530;
2496;
2440;
2427;
2432;
2495;
2548;
2556;
2515;
2454;
2440;
2472;
2494;
2514;
2494;
2478;
2476;
2486;
2488;
2475;
2491;
2503;
2498;
2483;
2440;
2427;
2455;
2524;
2584;
2567;
2486;
2410;
2394;
2442;
2512;
2538;
2529;
2514;
2490;
2456;
2443;
2448;
2459;
2494;
2519;
2526;
2500;
2468;
2450;
2460;
2499;
2515;
2490;
2468;
2481;
2512;
2535;
2504;
2458;
2428;
2440;
2507;
2532;
2525;
2483;
2456;
2466;
2480;
2478;
2464;
2476;
2520;
2546;
2536;
2476;
2410;
2412;
2487;
2542;
2542;
2494;
2450;
2442;
2456;
2487;
2490;
2508;
2500;
2499;
2494;
2451;
2438;
2435;
2494;
2552;
2570;
2520;
2436;
2404;
2422;
2492;
2542;
2528;
2492;
2490;
2472;
2471;
2466;
2448;
2464;
2515;
2548;
2520;
2456;
2414;
2419;
2486;
2559;
2544;
2482;
2445;
2461;
2491;
2514;
2499;
2452;
2475;
2522;
2523;
2504;
2458;
2438;
2464;
2492;
2522;
2486;
2456;
2474;
2506;
2520;
2494;
2452;
2429;
2456;
2547;
2566;
2516;
2462;
2422;
2436;
2495;
2528;
2514;
2488;
2472;
2467;
2480;
2476;
2424;
2446;
2519;
2587;
2566;
2484;
2388;
2388;
2463;
2576;
2567;
2502;
2452;
2454;
2483;
2486;
2456;
2459;
2487;
2544;
2570;
2490;
2406;
2388;
2439;
2553;
2569;
2526;
2446;
2456;
2492;
2508;
2502;
2444;
2432;
2477;
2547;
2548;
2500;
2464;
2448;
2451;
2500;
2499;
2462;
2459;
2500;
2543;
2546;
2494;
2392;
2362;
2452;
2531;
2566;
2542;
2474;
2448;
2439;
2491;
2474;
2455;
2490;
2547;
2571;
2510;
2396;
2346;
2406;
2543;
2601;
2555;
2464;
2412;
2410;
2491;
2522;
2494;
2483;
2524;
2530;
2506;
2448;
2438;
2472;
2511;
2546;
2510;
2448;
2432;
2442;
2494;
2555;
2549;
2478;
2448;
2443;
2481;
2488;
2523;
2506;
2464;
2486;
2472;
2475;
2478;
2486;
2504;
2506;
2500;
2467;
2402;
2407;
2487;
2538;
2583;
2532;
2484;
2440;
2432;
2498;
2500;
2483;
2490;
2491;
2516;
2498;
2470;
2459;
2519;
2591;
2574;
2458;
2408;
2374;
2450;
2534;
2547;
2492;
2508;
2494;
2432;
2400;
2412;
2478;
2564;
2611;
2583;
2480;
2442;
2440;
2487;
2510;
2551;
2468;
2432;
2440;
2426;
2379;
2417;
2511;
2522;
2522;
2476;
2418;
2488;
2487;
2491;
2446;
2451;
2567;
2598;
2524;
2514;
2498;
2498;
2362;
2360;
2276;
2430;
2559;
2590;
2548;
2551;
2472;
2346;
2348;
2367;
2444;
2594;
2707;
2680;
2456;
2408;
2419;
2580;
2751;
2738;
2488;
2367;
2350;
2352;
2333;
2471;
2559;
2641;
2646;
2504;
2219;
2096;
2315;
2406;
2540;
2640;
2558;
2492;
2612;
2772;
2682;
2540;
2436;
2456;
2438;
2492;
2418;
2367;
2466;
2528;
2442;
2354;
2259;
2234;
2412;
2531;
2660;
2678;
2647;
2628;
2592;
2546;
2671;
2687;
2532;
2454;
2422;
2374;
2445;
2407;
2300;
2331;
2525;
2547;
2384;
2354;
2342;
2388;
2558;
2588;
2534;
2456;
2571;
2678;
2701;
2614;
2402;
2292;
2436;
2516;
2484;
2376;
2391;
2408;
2490;
2396;
2248;
2234;
2324;
2605;
2676;
2538;
2510;
2475;
2480;
2580;
2748;
2736;
2580;
2564;
2488;
2350;
2316;
2303;
2282;
2435;
2604;
2610;
2576;
2400;
2200;
2144;
2407;
2582;
2622;
2554;
2600;
2676;
2747;
2664;
2416;
2248;
2443;
2644;
2651;
2544;
2400;
2344;
2318;
2406;
2382;
2232;
2367;
2513;
2579;
2516;
2438;
2328;
2476;
2743;
2871;
2784;
2640;
2504;
2466;
2414;
2352;
2339;
2383;
2489;
2514;
2466;
2396;
2330;
2282;
2243;
2479;
2590;
2623;
2606;
2600;
2640;
2687;
2734;
2564;
2312;
2340;
2376;
2398;
2426;
2438;
2308;
2366;
2602;
2632;
2544;
2424;
2338;
2396;
2516;
2500;
2384;
2388;
2559;
2623;
2640;
2474;
2378;
2463;
2535;
2570;
2400;
2347;
2403;
2583;
2634;
2618;
2416;
2353;
2388;
2452;
2428;
2387;
2452;
2539;
2540;
2552;
2574;
2501;
2412;
2444;
2475;
2482;
2524;
2576;
2496;
2470;
2508;
2538;
2464;
2458;
2420;
2349;
2479;
2555;
2490;
2410;
2400;
2556;
2640;
2620;
2474;
2384;
2532;
2559;
2482;
2416;
2471;
2388;
2507;
2714;
2600;
2438;
2344;
2390;
2454;
2420;
2454;
2460;
2570;
2712;
2642;
2448;
2326;
2391;
2567;
2520;
2438;
2444;
2546;
2536;
2552;
2528;
2410;
2364;
2375;
2303;
2443;
2506;
2486;
2559;
2559;
2488;
2520;
2508;
2454;
2518;
2574;
2576;
2452;
2480;
2459;
2342;
2367;
2526;
2596;
2540;
2388;
2354;
2429;
2500;
2467;
2456;
2458;
2550;
2623;
2558;
2392;
2483;
2520;
2546;
2502;
2480;
2336;
2383;
2527;
2541;
2536;
2444;
2360;
2354;
2471;
2538;
2442;
2472;
2546;
2540;
2508;
2464;
2380;
2495;
2676;
2614;
2504;
2453;
2466;
2421;
2332;
2492;
2568;
2607;
2598;
2474;
2288;
2320;
2375;
2476;
2566;
2683;
2682;
2578;
2486;
2322;
2317;
2395;
2566;
2612;
2679;
2670;
2392;
2314;
2399;
2420;
2402;
2407;
2584;
2634;
2530;
2348;
2288;
2380;
2559;
2700;
2608;
2470;
2511;
2531;
2432;
2367;
2537;
2610;
2592;
2588;
2538;
2424;
2390;
2332;
2328;
2387;
2522;
2492;
2534;
2579;
2516;
2392;
2314;
2470;
2623;
2623;
2606;
2488;
2463;
2503;
2450;
2342;
2396;
2579;
2576;
2458;
2396;
2364;
2366;
2423;
2527;
2500;
2604;
2568;
2472;
2426;
2533;
2478;
2466;
2511;
2609;
2559;
2376;
2328;
2407;
2527;
2587;
2492;
2410;
2376;
2392;
2404;
2379;
2575;
2719;
2584;
2458;
2411;
2446;
2559;
2520;
2488;
2478;
2644;
2592;
2416;
2251;
2454;
2578;
2564;
2496;
2408;
2358;
2430;
2535;
2583;
2539;
2516;
2432;
2456;
2642;
2668;
2464;
2352;
2430;
2582;
2532;
2416;
2354;
2406;
2623;
2608;
2396;
2264;
2367;
2500;
2559;
2603;
2559;
2392;
2394;
2379;
2551;
2614;
2611;
2550;
2490;
2534;
2480;
2252;
2242;
2446;
2701;
2678;
2538;
2380;
2234;
2286;
2447;
2583;
2759;
2760;
2520;
2290;
2303;
2407;
2404;
2355;
2573;
2754;
2776;
2552;
2168;
2130;
2315;
2542;
2623;
2568;
2438;
2354;
2399;
2475;
2498;
2451;
2406;
2519;
2733;
2828;
2536;
2302;
2224;
2415;
2623;
2559;
2306;
2284;
2563;
2657;
2578;
2412;
2274;
2333;
2569;
2659;
2608;
2480;
2394;
2382;
2515;
2711;
2536;
2404;
2478;
2588;
2606;
2468;
2294;
2254;
2411;
2684;
2664;
2458;
2339;
2326;
2477;
2559;
2623;
2528;
2356;
2367;
2494;
2610;
2642;
2522;
2428;
2495;
2622;
2554;
2312;
2188;
2315;
2564;
2711;
2618;
2340;
2214;
2375;
2591;
2710;
2559;
2414;
2378;
2547;
2658;
2576;
2300;
2195;
2507;
2738;
2738;
2496;
2272;
2239;
2487;
2610;
2500;
2314;
2330;
2507;
2647;
2674;
2475;
2326;
2326;
2503;
2623;
2600;
2426;
2416;
2482;
2542;
2546;
2352;
2282;
2407;
2606;
2662;
2524;
2384;
2246;
2274;
2502;
2636;
2586;
2492;
2410;
2446;
2591;
2647;
2450;
2296;
2400;
2587;
2654;
2623;
2416;
2280;
2362;
2534;
2570;
2444;
2378;
2438;
2536;
2649;
2576;
2302;
2210;
2406;
2678;
2767;
2632;
2416;
2326;
2522;
2632;
2476;
2320;
2303;
2420;
2643;
2668;
2482;
2300;
2271;
2406;
2559;
2586;
2472;
2432;
2558;
2608;
2590;
2464;
2342;
2382;
2575;
2735;
2632;
2450;
2302;
2258;
2398;
2547;
2508;
2480;
2511;
2543;
2558;
2470;
2388;
2256;
2379;
2591;
2700;
2696;
2559;
2416;
2374;
2426;
2451;
2391;
2352;
2479;
2606;
2666;
2554;
2336;
2216;
2290;
2515;
2646;
2604;
2510;
2428;
2483;
2532;
2497;
2403;
2382;
2519;
2647;
2620;
2500;
2346;
2296;
2407;
2535;
2551;
2462;
2469;
2534;
2531;
2512;
2408;
2316;
2391;
2551;
2647;
2604;
2506;
2416;
2395;
2503;
2548;
2483;
2456;
2402;
2451;
2498;
2500;
2483;
2442;
2464;
2499;
2506;
2464;
2412;
2475;
2552;
2610;
2588;
2502;
2422;
2382;
2455;
2518;
2542;
2515;
2466;
2438;
2452;
2464;
2424;
2402;
2459;
2550;
2610;
2576;
2460;
2404;
2428;
2462;
2550;
2536;
2531;
2536;
2546;
2514;
2428;
2357;
2339;
2414;
2571;
2623;
2559;
2450;
2366;
2391;
2444;
2475;
2468;
2531;
2596;
2598;
2506;
2406;
2374;
2406;
2519;
2608;
2584;
2512;
2410;
2380;
2367;
2424;
2455;
2496;
2542;
2584;
2546;
2435;
2367;
2394;
2481;
2539;
2607;
2584;
2528;
2494;
2434;
2408;
2420;
2460;
2491;
2494;
2512;
2480;
2458;
2444;
2440;
2464;
2487;
2520;
2498;
2490;
2498;
2527;
2526;
2508;
2491;
2436;
2452;
2498;
2534;
2507;
2460;
2448;
2424;
2424;
2454;
2484;
2467;
2526;
2546;
2526;
2462;
2428;
2447;
2485;
2535;
2555;
2524;
2516;
2526;
2478;
2446;
2427;
2415;
2467;
2519;
2540;
2502;
2472;
2443;
2462;
2462;
2456;
2483;
2514;
2552;
2532;
2510;
2455;
2446;
2468;
2474;
2502;
2530;
2549;
2496;
2448;
2398;
2359;
2408;
2492;
2586;
2586;
2512;
2438;
2390;
2419;
2476;
2523;
2572;
2576;
2524;
2444;
2430;
2407;
2475;
2539;
2526;
2500;
2472;
2422;
2390;
2415;
2476;
2525;
2552;
2498;
2462;
2464;
2434;
2450;
2532;
2554;
2546;
2518;
2476;
2462;
2450;
2448;
2452;
2483;
2540;
2500;
2410;
2400;
2428;
2475;
2512;
2507;
2474;
2514;
2535;
2502;
2474;
2462;
2471;
2474;
2518;
2546;
2539;
2512;
2475;
2454;
2404;
2359;
2381;
2471;
2611;
2663;
2580;
2424;
2310;
2358;
2459;
2524;
2618;
2620;
2592;
2520;
2402;
2358;
2374;
2476;
2565;
2580;
2568;
2486;
2386;
2384;
2426;
2484;
2522;
2502;
2490;
2499;
2502;
2492;
2468;
2487;
2512;
2492;
2462;
2478;
2494;
2516;
2488;
2467;
2440;
2446;
2424;
2440;
2494;
2532;
2567;
2483;
2408;
2420;
2479;
2531;
2536;
2551;
2508;
2436;
2456;
2472;
2486;
2544;
2515;
2484;
2480;
2448;
2414;
2392;
2462;
2551;
2546;
2492;
2418;
2395;
2470;
2531;
2514;
2494;
2514;
2510;
2472;
2459;
2468;
2478;
2498;
2512;
2515;
2480;
2428;
2397;
2392;
2503;
2547;
2522;
2488;
2480;
2464;
2480;
2468;
2484;
2547;
2544;
2506;
2466;
2470;
2486;
2494;
2522;
2480;
2458;
2467;
2448;
2436;
2495;
2512;
2483;
2456;
2458;
2471;
2494;
2555;
2555;
2499;
2470;
2440;
2423;
2475;
2559;
2559;
2500;
2466;
2420;
2379;
2403;
2436;
2511;
2574;
2576;
2502;
2392;
2428;
2475;
2503;
2508;
2542;
2506;
2472;
2482;
2464;
2460;
2508;
2504;
2472;
2436;
2470;
2464;
2468;
2506;
2523;
2478;
2416;
2439;
2471;
2503;
2531;
2548;
2534;
2502;
2454;
2403;
2399;
2508;
2579;
2556;
2505;
2457;
2404;
2412;
2455;
2472;
2462;
2514;
2542;
2530;
2442;
2427;
2386;
2447;
2559;
2598;
2555;
2467;
2464;
2445;
2435;
2450;
2483;
2518;
2547;
2593;
2496;
2360;
2347;
2389;
2463;
2551;
2590;
2566;
2530;
2496;
2480;
2408;
2412;
2487;
2538;
2548;
2594;
2531;
2448;
2419;
2402;
2419;
2468;
2518;
2512;
2484;
2499;
2460;
2429;
2471;
2490;
2514;
2557;
2543;
2491;
2465;
2418;
2447;
2539;
2579;
2528;
2456;
2392;
2399;
2459;
2480;
2455;
2448;
2508;
2531;
2492;
2483;
2412;
2447;
2555;
2568;
2500;
2478;
2422;
2436;
2519;
2538;
2470;
2451;
2470;
2467;
2512;
2478;
2394;
2379;
2479;
2582;
2555;
2484;
2450;
2464;
2548;
2534;
2467;
2430;
2448;
2476;
2546;
2540;
2478;
2444;
2444;
2440;
2487;
2488;
2448;
2432;
2490;
2522;
2489;
2470;
2458;
2454;
2534;
2551;
2486;
2474;
2466;
2474;
2472;
2517;
2511;
2440;
2465;
2520;
2508;
2524;
2444;
2362;
2374;
2516;
2587;
2548;
2514;
2480;
2464;
2514;
2491;
2428;
2439;
2487;
2534;
2557;
2515;
2460;
2402;
2455;
2536;
2518;
2460;
2388;
2407;
2505;
2568;
2508;
2444;
2470;
2509;
2554;
2534;
2432;
2418;
2462;
2500;
2528;
2522;
2491;
2459;
2479;
2520;
2460;
2404;
2383;
2422;
2491;
2572;
2544;
2499;
2471;
2498;
2476;
2443;
2448;
2478;
2504;
2550;
2555;
2488;
2406;
2395;
2427;
2495;
2559;
2528;
2420;
2348;
2443;
2510;
2539;
2540;
2515;
2496;
2508;
2510;
2448;
2409;
2459;
2479;
2515;
2556;
2528;
2443;
2446;
2488;
2494;
2419;
2416;
2407;
2449;
2590;
2602;
2500;
2432;
2470;
2482;
2464;
2499;
2499;
2502;
2519;
2524;
2467;
2412;
2430;
2472;
2490;
2548;
2507;
2448;
2412;
2435;
2471;
2472;
2531;
2567;
2578;
2516;
2494;
2440;
2404;
2462;
2507;
2508;
2508;
2536;
2512;
2453;
2483;
2461;
2422;
2438;
2473;
2476;
2492;
2559;
2542;
2470;
2459;
2442;
2466;
2500;
2576;
2556;
2472;
2468;
2452;
2436;
2474;
2527;
2508;
2515;
2496;
2408;
2367;
2403;
2443;
2527;
2567;
2568;
2516;
2484;
2458;
2435;
2471;
2496;
2498;
2524;
2482;
2446;
2480;
2499;
2512;
2520;
2456;
2400;
2414;
2454;
2455;
2518;
2596;
2603;
2556;
2467;
2378;
2351;
2479;
2572;
2559;
2568;
2512;
2408;
2434;
2455;
2446;
2485;
2518;
2506;
2490;
2448;
2396;
2367;
2503;
2614;
2602;
2536;
2458;
2398;
2444;
2471;
2476;
2491;
2518;
2518;
2535;
2512;
2452;
2408;
2382;
2409;
2463;
2552;
2548;
2490;
2510;
2527;
2466;
2438;
2460;
2479;
2534;
2576;
2542;
2460;
2394;
2394;
2418;
2559;
2609;
2528;
2448;
2424;
2400;
2448;
2490;
2468;
2481;
2587;
2612;
2498;
2418;
2384;
2437;
2542;
2584;
2532;
2420;
2407;
2442;
2493;
2532;
2506;
2448;
2424;
2477;
2494;
2440;
2406;
2462;
2539;
2602;
2559;
2432;
2376;
2444;
2542;
2530;
2499;
2442;
2427;
2462;
2526;
2538;
2472;
2452;
2455;
2463;
2517;
2497;
2420;
2410;
2510;
2586;
2552;
2484;
2439;
2442;
2519;
2557;
2499;
2444;
2423;
2444;
2504;
2567;
2532;
2424;
2408;
2442;
2514;
2474;
2422;
2416;
2479;
2636;
2630;
2496;
2390;
2376;
2467;
2519;
2507;
2471;
2448;
2494;
2572;
2576;
2452;
2372;
2367;
2439;
2536;
2566;
2504;
2428;
2467;
2572;
2512;
2450;
2452;
2471;
2535;
2599;
2532;
2416;
2376;
2415;
2454;
2533;
2579;
2496;
2426;
2454;
2459;
2464;
2438;
2436;
2498;
2588;
2644;
2540;
2412;
2336;
2436;
2524;
2534;
2528;
2500;
2460;
2488;
2515;
2460;
2356;
2375;
2466;
2575;
2617;
2508;
2378;
2323;
2482;
2586;
2542;
2512;
2491;
2525;
2520;
2490;
2388;
2351;
2454;
2578;
2596;
2592;
2450;
2322;
2352;
2427;
2462;
2512;
2538;
2520;
2551;
2575;
2464;
2336;
2376;
2486;
2575;
2655;
2586;
2416;
2344;
2414;
2468;
2538;
2547;
2504;
2483;
2484;
2502;
2408;
2374;
2387;
2479;
2655;
2663;
2536;
2435;
2402;
2429;
2516;
2488;
2451;
2506;
2539;
2522;
2492;
2420;
2336;
2411;
2531;
2588;
2559;
2480;
2448;
2444;
2522;
2506;
2422;
2455;
2518;
2541;
2600;
2524;
2408;
2395;
2434;
2488;
2511;
2518;
2482;
2450;
2470;
2482;
2442;
2454;
2466;
2486;
2559;
2586;
2490;
2419;
2390;
2404;
2485;
2534;
2512;
2516;
2492;
2512;
2468;
2411;
2390;
2416;
2508;
2588;
2556;
2482;
2402;
2367;
2460;
2539;
2536;
2520;
2512;
2518;
2508;
2455;
2372;
2391;
2487;
2558;
2546;
2526;
2466;
2410;
2455;
2476;
2446;
2490;
2524;
2532;
2516;
2516;
2468;
2436;
2475;
2512;
2504;
2539;
2530;
2454;
2454;
2456;
2422;
2459;
2507;
2502;
2502;
2518;
2523;
2462;
2440;
2443;
2456;
2523;
2556;
2516;
2480;
2478;
2464;
2466;
2459;
2452;
2496;
2546;
2536;
2476;
2416;
2425;
2455;
2483;
2515;
2516;
2502;
2535;
2472;
2450;
2410;
2419;
2488;
2543;
2543;
2524;
2480;
2476;
2458;
2452;
2428;
2425;
2499;
2539;
2484;
2472;
2448;
2440;
2478;
2520;
2480;
2472;
2516;
2516;
2490;
2488;
2472;
2456;
2504;
2534;
2480;
2497;
2474;
2388;
2398;
2471;
2498;
2503;
2528;
2504;
2456;
2509;
2488;
2419;
2458;
2519;
2534;
2542;
2528;
2424;
2401;
2457;
2491;
2518;
2516;
2482;
2458;
2500;
2488;
2424;
2396;
2472;
2535;
2568;
2531;
2406;
2390;
2479;
2530;
2530;
2518;
2500;
2463;
2480;
2478;
2470;
2464;
2456;
2455;
2506;
2546;
2512;
2482;
2467;
2462;
2484;
2479;
2448;
2462;
2520;
2595;
2587;
2512;
2408;
2367;
2431;
2535;
2571;
2546;
2452;
2396;
2452;
2499;
2427;
2435;
2493;
2574;
2600;
2556;
2400;
2308;
2406;
2527;
2584;
2596;
2510;
2442;
2470;
2484;
2428;
2440;
2454;
2428;
2519;
2565;
2482;
2435;
2420;
2444;
2498;
2526;
2495;
2427;
2467;
2546;
2529;
2498;
2426;
2379;
2454;
2572;
2592;
2512;
2382;
2314;
2410;
2539;
2559;
2499;
2486;
2478;
2518;
2480;
2413;
2363;
2451;
2594;
2654;
2586;
2432;
2366;
2399;
2471;
2525;
2522;
2500;
2446;
2492;
2518;
2467;
2442;
2428;
2470;
2576;
2576;
2492;
2410;
2388;
2457;
2549;
2584;
2532;
2443;
2438;
2530;
2559;
2488;
2392;
2354;
2418;
2554;
2604;
2492;
2418;
2438;
2500;
2508;
2504;
2435;
2438;
2535;
2610;
2552;
2424;
2382;
2452;
2532;
2576;
2532;
2410;
2334;
2349;
2511;
2582;
2548;
2528;
2446;
2459;
2505;
2467;
2406;
2398;
2518;
2603;
2580;
2530;
2364;
2322;
2462;
2595;
2570;
2450;
2411;
2402;
2471;
2538;
2504;
2448;
2434;
2550;
2572;
2480;
2426;
2380;
2450;
2565;
2608;
2538;
2408;
2433;
2460;
2488;
2512;
2456;
2410;
2448;
2511;
2572;
2531;
2454;
2436;
2456;
2524;
2516;
2481;
2446;
2450;
2543;
2608;
2510;
2456;
2380;
2433;
2559;
2564;
2510;
2372;
2418;
2475;
2493;
2548;
2486;
2448;
2537;
2571;
2512;
2432;
2402;
2483;
2482;
2592;
2588;
2432;
2478;
2486;
2483;
2514;
2464;
2360;
2386;
2471;
2612;
2592;
2518;
2472;
2374;
2434;
2510;
2486;
2496;
2515;
2544;
2559;
2482;
2410;
2367;
2431;
2588;
2576;
2488;
2416;
2361;
2442;
2502;
2510;
2514;
2488;
2516;
2504;
2480;
2444;
2440;
2430;
2459;
2534;
2568;
2542;
2496;
2468;
2454;
2462;
2418;
2359;
2429;
2519;
2601;
2584;
2535;
2437;
2384;
2443;
2460;
2481;
2503;
2532;
2518;
2518;
2512;
2439;
2378;
2424;
2487;
2539;
2559;
2464;
2440;
2464;
2432;
2434;
2474;
2527;
2550;
2542;
2525;
2476;
2438;
2426;
2412;
2484;
2590;
2580;
2531;
2464;
2419;
2442;
2448;
2406;
2431;
2507;
2567;
2550;
2500;
2442;
2408;
2456;
2483;
2500;
2548;
2536;
2508;
2467;
2440;
2443;
2448;
2501;
2512;
2534;
2494;
2448;
2420;
2442;
2499;
2468;
2503;
2518;
2475;
2519;
2500;
2472;
2488;
2444;
2416;
2439;
2516;
2585;
2550;
2512;
2466;
2413;
2399;
2389;
2420;
2539;
2576;
2574;
2502;
2414;
2431;
2416;
2438;
2514;
2559;
2568;
2532;
2456;
2424;
2402;
2440;
2503;
2500;
2544;
2534;
2464;
2426;
2400;
2421;
2456;
2506;
2552;
2566;
2506;
2499;
2422;
2414;
2450;
2459;
2512;
2528;
2555;
2516;
2460;
2450;
2424;
2431;
2468;
2503;
2532;
2528;
2474;
2432;
2426;
2478;
2524;
2531;
2515;
2480;
2458;
2419;
2444;
2485;
2559;
2595;
2514;
2438;
2386;
2388;
2439;
2500;
2548;
2566;
2528;
2478;
2419;
2400;
2458;
2484;
2516;
2545;
2524;
2502;
2454;
2432;
2443;
2468;
2523;
2524;
2512;
2492;
2458;
2442;
2458;
2456;
2476;
2503;
2508;
2538;
2518;
2484;
2446;
2444;
2456;
2470;
2496;
2523;
2544;
2533;
2494;
2421;
2375;
2394;
2455;
2519;
2577;
2596;
2516;
2444;
2362;
2374;
2428;
2503;
2559;
2595;
2592;
2516;
2412;
2344;
2358;
2428;
2534;
2587;
2582;
2536;
2454;
2384;
2378;
2398;
2467;
2548;
2574;
2566;
2523;
2458;
2426;
2423;
2455;
2483;
2486;
2523;
2514;
2535;
2530;
2476;
2424;
2367;
2391;
2447;
2531;
2596;
2595;
2522;
2432;
2374;
2387;
2439;
2508;
2583;
2596;
2571;
2468;
2394;
2363;
2402;
2479;
2532;
2551;
2558;
2530;
2459;
2408;
2383;
2387;
2456;
2538;
2598;
2604;
2540;
2444;
2354;
2342;
2422;
2514;
2604;
2630;
2574;
2466;
2354;
2303;
2355;
2472;
2607;
2647;
2608;
2480;
2356;
2318;
2367;
2479;
2602;
2640;
2608;
2512;
2384;
2328;
2348;
2459;
2559;
2636;
2608;
2499;
2408;
2336;
2359;
2439;
2542;
2587;
2584;
2538;
2448;
2408;
2404;
2435;
2507;
2542;
2551;
2534;
2458;
2432;
2414;
2436;
2499;
2512;
2512;
2492;
2467;
2444;
2450;
2466;
2494;
2512;
2528;
2506;
2464;
2454;
2446;
2464;
2508;
2518;
2510;
2498;
2468;
2450;
2451;
2460;
2478;
2477;
2490;
2492;
2482;
2486;
2480;
2478;
2484;
2480;
2480;
2480;
2490;
2494;
2492;
2499;
2477;
2461;
2464;
2464;
2480;
2482;
2488;
2496;
2494;
2486;
2471;
2451;
2452;
2462;
2487;
2526;
2529;
2519;
2502;
2458;
2443;
2434;
2467;
2492;
2512;
2531;
2522;
2478;
2442;
2405;
2398;
2466;
2530;
2559;
2554;
2506;
2458;
2414;
2396;
2448;
2510;
2580;
2582;
2536;
2458;
2384;
2367;
2427;
2498;
2559;
2568;
2518;
2448;
2400;
2390;
2423;
2487;
2552;
2566;
2549;
2496;
2448;
2416;
2404;
2440;
2492;
2548;
2559;
2528;
2478;
2424;
2390;
2387;
2451;
2527;
2576;
2586;
2520;
2436;
2378;
2385;
2454;
2519;
2586;
2578;
2520;
2448;
2384;
2406;
2439;
2512;
2551;
2526;
2503;
2442;
2427;
2424;
2450;
2504;
2528;
2490;
2494;
2480;
2466;
2467;
2472;
2496;
2491;
2484;
2493;
2475;
2470;
2470;
2472;
2490;
2486;
2472;
2451;
2453;
2484;
2502;
2499;
2496;
2464;
2450;
2456;
2496;
2527;
2536;
2516;
2482;
2439;
2426;
2438;
2475;
2530;
2539;
2536;
2488;
2416;
2378;
2402;
2455;
2530;
2564;
2579;
2534;
2450;
2414;
2386;
2427;
2510;
2582;
2615;
2548;
2456;
2380;
2360;
2402;
2491;
2567;
2596;
2544;
2458;
2402;
2374;
2423;
2486;
2556;
2591;
2568;
2520;
2419;
2376;
2387;
2440;
2535;
2574;
2584;
2531;
2444;
2378;
2360;
2387;
2474;
2571;
2623;
2600;
2483;
2376;
2323;
2367;
2479;
2580;
2641;
2623;
2516;
2412;
2336;
2339;
2423;
2504;
2618;
2622;
2566;
2466;
2362;
2334;
2374;
2471;
2566;
2606;
2602;
2534;
2448;
2382;
2360;
2422;
2512;
2580;
2606;
2566;
2468;
2392;
2363;
2388;
2458;
2511;
2552;
2542;
2506;
2459;
2427;
2409;
2435;
2504;
2551;
2556;
2524;
2471;
2454;
2440;
2444;
2474;
2486;
2514;
2504;
2498;
2486;
2444;
2436;
2454;
2465;
2511;
2512;
2519;
2506;
2476;
2482;
2466;
2451;
2479;
2495;
2526;
2528;
2498;
2470;
2438;
2436;
2458;
2484;
2493;
2512;
2503;
2496;
2480;
2448;
2448;
2444;
2500;
2543;
2546;
2532;
2488;
2454;
2432;
2444;
2463;
2483;
2514;
2526;
2529;
2486;
2446;
2400;
2392;
2452;
2526;
2550;
2547;
2507;
2452;
2426;
2420;
2439;
2498;
2551;
2557;
2546;
2478;
2408;
2381;
2412;
2485;
2545;
2551;
2512;
2466;
2424;
2418;
2430;
2499;
2532;
2547;
2531;
2488;
2448;
2420;
2442;
2479;
2536;
2552;
2515;
2468;
2412;
2406;
2439;
2476;
2519;
2518;
2524;
2506;
2464;
2442;
2430;
2448;
2515;
2522;
2531;
2510;
2488;
2488;
2480;
2456;
2454;
2432;
2466;
2510;
2540;
2546;
2498;
2432;
2416;
2411;
2460;
2503;
2532;
2532;
2516;
2496;
2464;
2448;
2451;
2483;
2514;
2530;
2512;
2488;
2472;
2467;
2464;
2458;
2454;
2470;
2496;
2506;
2512;
2499;
2450;
2454;
2451;
2483;
2506;
2515;
2520;
2506;
2494;
2462;
2434;
2434;
2452;
2492;
2544;
2549;
2504;
2442;
2407;
2408;
2430;
2481;
2528;
2531;
2522;
2492;
2460;
2446;
2463;
2486;
2534;
2528;
2515;
2468;
2448;
2448;
2464;
2492;
2504;
2482;
2488;
2475;
2462;
2466;
2440;
2448;
2478;
2512;
2532;
2515;
2506;
2474;
2458;
2479;
2472;
2481;
2492;
2490;
2500;
2500;
2486;
2459;
2452;
2449;
2456;
2457;
2462;
2483;
2490;
2532;
2516;
2518;
2482;
2468;
2472;
2466;
2499;
2494;
2499;
2500;
2523;
2498;
2470;
2424;
2387;
2419;
2464;
2516;
2519;
2514;
2491;
2468;
2462;
2459;
2480;
2504;
2521;
2532;
2534;
2494;
2459;
2448;
2458;
2479;
2487;
2490;
2470;
2463;
2465;
2454;
2426;
2430;
2470;
2516;
2546;
2550;
2516;
2458;
2458;
2449;
2469;
2494;
2514;
2532;
2512;
2498;
2468;
2436;
2428;
2426;
2455;
2480;
2492;
2487;
2488;
2490;
2482;
2484;
2490;
2512;
2512;
2517;
2496;
2475;
2464;
2452;
2470;
2486;
2519;
2488;
2452;
2448;
2446;
2480;
2506;
2591;
2623;
2518;
2406;
2424;
2487;
2487;
2400;
2288;
2298;
2407;
2527;
2588;
2559;
2476;
2479;
2532;
2643;
2682;
2568;
2466;
2467;
2596;
2540;
2248;
2116;
2233;
2455;
2603;
2515;
2332;
2323;
2475;
2631;
2683;
2620;
2518;
2511;
2582;
2698;
2732;
2559;
2410;
2455;
2474;
2298;
2088;
2159;
2347;
2542;
2600;
2539;
2432;
2366;
2426;
2578;
2707;
2694;
2584;
2490;
2461;
2507;
2603;
2623;
2559;
2545;
2574;
2425;
2096;
1970;
2125;
2463;
2679;
2604;
2468;
2424;
2482;
2566;
2619;
2604;
2550;
2532;
2572;
2659;
2687;
2520;
2348;
2354;
2430;
2426;
2344;
2296;
2335;
2419;
2492;
2464;
2476;
2458;
2488;
2567;
2640;
2651;
2546;
2440;
2454;
2543;
2679;
2674;
2542;
2420;
2378;
2363;
2276;
2230;
2319;
2475;
2591;
2539;
2419;
2386;
2432;
2550;
2596;
2612;
2564;
2522;
2524;
2567;
2636;
2623;
2556;
2510;
2464;
2356;
2160;
2163;
2327;
2466;
2510;
2524;
2490;
2435;
2396;
2477;
2590;
2679;
2696;
2598;
2512;
2483;
2564;
2613;
2566;
2504;
2420;
2388;
2284;
2202;
2279;
2439;
2534;
2490;
2490;
2518;
2527;
2538;
2540;
2534;
2530;
2535;
2543;
2544;
2587;
2600;
2518;
2472;
2428;
2288;
2256;
2327;
2420;
2471;
2499;
2466;
2464;
2506;
2526;
2547;
2582;
2608;
2566;
2496;
2443;
2418;
2464;
2575;
2588;
2524;
2466;
2402;
2316;
2299;
2363;
2460;
2559;
2576;
2518;
2474;
2448;
2462;
2479;
2516;
2572;
2596;
2556;
2496;
2459;
2435;
2467;
2498;
2520;
2491;
2424;
2383;
2364;
2404;
2426;
2458;
2518;
2554;
2551;
2527;
2500;
2480;
2486;
2510;
2504;
2512;
2556;
2587;
2541;
2462;
2425;
2374;
2380;
2388;
2425;
2490;
2515;
2482;
2435;
2459;
2499;
2522;
2536;
2546;
2536;
2534;
2510;
2464;
2472;
2484;
2518;
2523;
2510;
2467;
2403;
2373;
2406;
2438;
2462;
2480;
2474;
2505;
2526;
2489;
2478;
2503;
2515;
2532;
2523;
2511;
2496;
2535;
2558;
2480;
2432;
2416;
2403;
2414;
2454;
2486;
2506;
2456;
2404;
2413;
2472;
2538;
2543;
2542;
2542;
2510;
2494;
2484;
2480;
2508;
2544;
2546;
2506;
2436;
2407;
2382;
2415;
2467;
2454;
2424;
2452;
2510;
2516;
2507;
2476;
2486;
2506;
2550;
2576;
2544;
2540;
2546;
2540;
2467;
2376;
2358;
2386;
2451;
2494;
2518;
2526;
2474;
2396;
2388;
2423;
2494;
2559;
2584;
2587;
2548;
2484;
2435;
2410;
2472;
2559;
2619;
2574;
2448;
2336;
2294;
2375;
2473;
2521;
2526;
2512;
2498;
2500;
2474;
2436;
2462;
2511;
2559;
2591;
2564;
2512;
2472;
2476;
2432;
2382;
2404;
2490;
2534;
2530;
2471;
2394;
2374;
2398;
2448;
2519;
2586;
2586;
2532;
2478;
2448;
2455;
2486;
2522;
2576;
2595;
2552;
2419;
2315;
2303;
2387;
2506;
2603;
2596;
2540;
2416;
2380;
2403;
2419;
2466;
2535;
2590;
2608;
2554;
2470;
2406;
2423;
2514;
2554;
2512;
2466;
2434;
2463;
2475;
2428;
2415;
2455;
2492;
2494;
2518;
2500;
2480;
2483;
2460;
2471;
2502;
2536;
2546;
2538;
2559;
2535;
2468;
2424;
2403;
2412;
2438;
2472;
2446;
2418;
2447;
2484;
2510;
2514;
2506;
2491;
2528;
2556;
2532;
2472;
2442;
2466;
2524;
2551;
2466;
2390;
2404;
2483;
2542;
2528;
2464;
2408;
2442;
2476;
2464;
2456;
2468;
2488;
2513;
2522;
2514;
2486;
2501;
2533;
2584;
2574;
2473;
2365;
2327;
2386;
2494;
2544;
2510;
2460;
2446;
2458;
2488;
2512;
2480;
2482;
2554;
2559;
2494;
2432;
2387;
2424;
2551;
2642;
2558;
2420;
2367;
2428;
2539;
2590;
2466;
2380;
2408;
2455;
2475;
2460;
2448;
2473;
2530;
2559;
2536;
2492;
2484;
2500;
2544;
2614;
2528;
2352;
2315;
2390;
2511;
2584;
2548;
2432;
2378;
2422;
2491;
2510;
2487;
2494;
2520;
2545;
2522;
2440;
2388;
2446;
2570;
2686;
2654;
2440;
2300;
2322;
2478;
2604;
2528;
2416;
2394;
2453;
2483;
2470;
2418;
2453;
2546;
2614;
2600;
2490;
2392;
2423;
2510;
2632;
2588;
2386;
2318;
2358;
2459;
2586;
2559;
2474;
2432;
2464;
2478;
2470;
2454;
2421;
2471;
2571;
2590;
2510;
2438;
2424;
2482;
2615;
2668;
2426;
2268;
2327;
2474;
2615;
2599;
2456;
2360;
2415;
2519;
2507;
2452;
2442;
2493;
2599;
2621;
2490;
2366;
2367;
2478;
2635;
2678;
2504;
2306;
2310;
2423;
2535;
2568;
2528;
2464;
2450;
2476;
2494;
2457;
2446;
2485;
2541;
2544;
2506;
2400;
2400;
2487;
2623;
2685;
2508;
2288;
2266;
2394;
2583;
2679;
2537;
2402;
2382;
2448;
2508;
2478;
2432;
2458;
2538;
2600;
2518;
2392;
2367;
2476;
2620;
2687;
2508;
2296;
2299;
2431;
2583;
2619;
2514;
2392;
2384;
2478;
2507;
2475;
2466;
2474;
2510;
2542;
2510;
2400;
2402;
2512;
2639;
2678;
2522;
2248;
2208;
2359;
2549;
2671;
2636;
2499;
2412;
2407;
2487;
2489;
2439;
2464;
2539;
2603;
2558;
2346;
2292;
2391;
2567;
2726;
2592;
2354;
2300;
2383;
2518;
2599;
2552;
2452;
2460;
2538;
2572;
2506;
2411;
2386;
2447;
2532;
2504;
2418;
2419;
2495;
2572;
2620;
2530;
2352;
2288;
2420;
2575;
2660;
2618;
2448;
2344;
2356;
2447;
2528;
2530;
2549;
2550;
2522;
2471;
2376;
2322;
2411;
2555;
2645;
2598;
2435;
2328;
2320;
2447;
2580;
2630;
2616;
2564;
2516;
2486;
2432;
2347;
2340;
2428;
2508;
2527;
2450;
2414;
2444;
2532;
2622;
2675;
2584;
2456;
2410;
2434;
2467;
2458;
2422;
2434;
2493;
2539;
2500;
2458;
2443;
2468;
2482;
2480;
2418;
2396;
2454;
2532;
2582;
2582;
2532;
2460;
2443;
2483;
2558;
2608;
2608;
2512;
2344;
2298;
2303;
2346;
2411;
2507;
2590;
2608;
2580;
2496;
2446;
2516;
2631;
2632;
2500;
2360;
2268;
2318;
2420;
2506;
2548;
2600;
2632;
2615;
2544;
2438;
2347;
2364;
2414;
2398;
2382;
2394;
2480;
2559;
2611;
2611;
2570;
2559;
2534;
2510;
2462;
2448;
2446;
2426;
2367;
2388;
2426;
2471;
2514;
2546;
2510;
2481;
2489;
2474;
2467;
2518;
2555;
2535;
2496;
2456;
2403;
2415;
2467;
2506;
2528;
2579;
2568;
2532;
2502;
2436;
2376;
2361;
2408;
2444;
2436;
2450;
2503;
2559;
2620;
2611;
2506;
2422;
2414;
2421;
2451;
2488;
2530;
2546;
2566;
2546;
2448;
2390;
2435;
2488;
2481;
2467;
2400;
2367;
2423;
2487;
2532;
2570;
2578;
2566;
2528;
2460;
2410;
2420;
2491;
2584;
2594;
2530;
2459;
2432;
2411;
2386;
2391;
2427;
2463;
2484;
2500;
2514;
2524;
2516;
2483;
2476;
2486;
2522;
2528;
2544;
2538;
2511;
2490;
2438;
2418;
2406;
2466;
2520;
2519;
2470;
2362;
2302;
2378;
2511;
2631;
2668;
2630;
2546;
2464;
2386;
2337;
2353;
2455;
2596;
2652;
2602;
2508;
2406;
2392;
2416;
2447;
2464;
2486;
2496;
2496;
2476;
2434;
2407;
2433;
2516;
2571;
2592;
2550;
2486;
2464;
2462;
2508;
2531;
2541;
2526;
2496;
2456;
2380;
2348;
2334;
2320;
2415;
2532;
2608;
2618;
2588;
2492;
2426;
2458;
2470;
2490;
2548;
2599;
2623;
2608;
2490;
2342;
2323;
2415;
2466;
2454;
2424;
2362;
2403;
2488;
2526;
2502;
2508;
2524;
2558;
2571;
2534;
2462;
2444;
2498;
2559;
2582;
2536;
2482;
2484;
2472;
2367;
2283;
2278;
2343;
2460;
2558;
2564;
2535;
2507;
2510;
2512;
2542;
2556;
2538;
2546;
2528;
2490;
2510;
2504;
2473;
2443;
2426;
2404;
2394;
2375;
2362;
2359;
2439;
2518;
2559;
2588;
2622;
2594;
2590;
2559;
2454;
2364;
2367;
2455;
2551;
2570;
2536;
2444;
2440;
2496;
2454;
2412;
2387;
2416;
2492;
2506;
2510;
2460;
2471;
2517;
2543;
2574;
2532;
2458;
2460;
2466;
2483;
2510;
2504;
2530;
2555;
2520;
2443;
2367;
2346;
2367;
2423;
2519;
2535;
2551;
2538;
2472;
2462;
2452;
2486;
2492;
2467;
2520;
2555;
2559;
2567;
2484;
2440;
2428;
2444;
2484;
2418;
2424;
2460;
2475;
2486;
2474;
2403;
2482;
2524;
2583;
2576;
2490;
2466;
2444;
2508;
2556;
2500;
2488;
2543;
2558;
2492;
2416;
2290;
2347;
2441;
2529;
2524;
2486;
2510;
2484;
2458;
2464;
2490;
2499;
2559;
2586;
2593;
2516;
2448;
2454;
2424;
2474;
2502;
2488;
2457;
2436;
2402;
2375;
2419;
2466;
2514;
2540;
2558;
2548;
2510;
2474;
2416;
2415;
2490;
2566;
2629;
2619;
2522;
2472;
2416;
2360;
2363;
2348;
2451;
2556;
2548;
2472;
2386;
2390;
2431;
2543;
2623;
2623;
2558;
2493;
2442;
2418;
2463;
2486;
2555;
2636;
2634;
2448;
2280;
2244;
2300;
2396;
2479;
2553;
2584;
2608;
2546;
2438;
2432;
2432;
2489;
2542;
2602;
2612;
2558;
2472;
2427;
2400;
2391;
2455;
2492;
2494;
2480;
2464;
2386;
2362;
2411;
2460;
2523;
2584;
2647;
2596;
2528;
2408;
2367;
2444;
2529;
2623;
2598;
2567;
2512;
2378;
2275;
2293;
2379;
2535;
2588;
2556;
2508;
2432;
2432;
2404;
2423;
2519;
2558;
2603;
2596;
2576;
2496;
2424;
2398;
2466;
2516;
2536;
2508;
2451;
2455;
2392;
2332;
2324;
2427;
2546;
2579;
2548;
2537;
2512;
2487;
2498;
2464;
2487;
2540;
2596;
2620;
2564;
2486;
2352;
2298;
2334;
2415;
2467;
2526;
2518;
2507;
2455;
2408;
2387;
2436;
2558;
2636;
2634;
2552;
2488;
2450;
2430;
2466;
2516;
2556;
2554;
2472;
2388;
2344;
2382;
2407;
2360;
2432;
2538;
2580;
2595;
2556;
2512;
2480;
2456;
2460;
2466;
2530;
2586;
2580;
2564;
2512;
2408;
2300;
2352;
2452;
2555;
2528;
2424;
2390;
2406;
2459;
2464;
2482;
2550;
2614;
2620;
2544;
2464;
2410;
2458;
2534;
2603;
2576;
2502;
2410;
2358;
2378;
2439;
2442;
2421;
2454;
2484;
2510;
2472;
2464;
2493;
2532;
2582;
2568;
2539;
2506;
2515;
2511;
2503;
2506;
2460;
2424;
2382;
2425;
2445;
2459;
2448;
2428;
2480;
2537;
2515;
2452;
2426;
2460;
2528;
2559;
2556;
2542;
2502;
2510;
2528;
2528;
2444;
2338;
2349;
2431;
2508;
2508;
2432;
2387;
2452;
2528;
2547;
2528;
2514;
2554;
2579;
2572;
2460;
2352;
2378;
2471;
2586;
2606;
2540;
2424;
2402;
2455;
2517;
2408;
2324;
2392;
2463;
2550;
2536;
2450;
2448;
2499;
2586;
2623;
2564;
2492;
2436;
2452;
2511;
2524;
2519;
2470;
2446;
2444;
2459;
2458;
2386;
2361;
2436;
2540;
2548;
2490;
2456;
2476;
2538;
2565;
2568;
2510;
2476;
2496;
2547;
2571;
2520;
2387;
2320;
2399;
2532;
2542;
2434;
2367;
2402;
2511;
2576;
2506;
2416;
2416;
2498;
2556;
2576;
2538;
2483;
2500;
2550;
2588;
2512;
2356;
2328;
2443;
2548;
2535;
2408;
2336;
2386;
2499;
2570;
2486;
2426;
2467;
2527;
2572;
2568;
2480;
2444;
2475;
2536;
2595;
2578;
2496;
2394;
2411;
2500;
2446;
2367;
2336;
2396;
2483;
2559;
2542;
2464;
2462;
2506;
2546;
2576;
2548;
2486;
2472;
2502;
2530;
2538;
2462;
2390;
2427;
2539;
2576;
2426;
2268;
2283;
2396;
2519;
2551;
2502;
2508;
2539;
2578;
2606;
2544;
2452;
2412;
2469;
2576;
2598;
2496;
2394;
2386;
2499;
2566;
2416;
2296;
2342;
2476;
2567;
2530;
2448;
2395;
2443;
2567;
2651;
2646;
2579;
2502;
2456;
2456;
2458;
2440;
2427;
2499;
2619;
2554;
2406;
2275;
2244;
2367;
2518;
2584;
2544;
2500;
2512;
2506;
2510;
2518;
2504;
2504;
2536;
2566;
2584;
2534;
2388;
2340;
2424;
2520;
2476;
2367;
2344;
2407;
2502;
2542;
2501;
2452;
2472;
2532;
2580;
2576;
2542;
2482;
2472;
2546;
2616;
2538;
2388;
2339;
2445;
2528;
2444;
2360;
2331;
2435;
2540;
2552;
2476;
2410;
2456;
2528;
2599;
2621;
2559;
2484;
2470;
2507;
2559;
2502;
2428;
2420;
2481;
2531;
2424;
2308;
2311;
2392;
2499;
2549;
2536;
2484;
2464;
2504;
2548;
2569;
2576;
2536;
2528;
2496;
2473;
2466;
2443;
2436;
2504;
2584;
2518;
2366;
2284;
2290;
2375;
2491;
2559;
2565;
2576;
2572;
2536;
2500;
2464;
2458;
2470;
2526;
2611;
2608;
2506;
2412;
2390;
2474;
2464;
2387;
2322;
2355;
2470;
2542;
2508;
2466;
2454;
2490;
2574;
2615;
2608;
2538;
2490;
2470;
2480;
2476;
2466;
2466;
2516;
2591;
2470;
2284;
2240;
2317;
2436;
2522;
2566;
2548;
2526;
2539;
2546;
2535;
2515;
2494;
2508;
2508;
2532;
2518;
2486;
2470;
2495;
2476;
2384;
2356;
2355;
2367;
2458;
2514;
2506;
2492;
2496;
2522;
2544;
2566;
2568;
2536;
2500;
2484;
2468;
2492;
2523;
2515;
2482;
2478;
2462;
2384;
2312;
2359;
2433;
2504;
2550;
2558;
2518;
2492;
2492;
2498;
2524;
2532;
2554;
2558;
2544;
2503;
2428;
2388;
2432;
2530;
2538;
2428;
2376;
2356;
2362;
2419;
2478;
2494;
2532;
2567;
2590;
2568;
2530;
2480;
2470;
2519;
2547;
2498;
2498;
2506;
2516;
2486;
2396;
2342;
2356;
2409;
2450;
2498;
2487;
2483;
2467;
2491;
2534;
2556;
2571;
2559;
2554;
2538;
2460;
2406;
2424;
2487;
2535;
2555;
2504;
2396;
2350;
2328;
2315;
2398;
2503;
2559;
2590;
2583;
2530;
2474;
2478;
2500;
2550;
2568;
2570;
2508;
2432;
2430;
2454;
2502;
2504;
2463;
2410;
2346;
2359;
2399;
2459;
2508;
2532;
2543;
2554;
2538;
2540;
2522;
2506;
2524;
2541;
2478;
2428;
2447;
2518;
2597;
2559;
2392;
2290;
2310;
2358;
2415;
2494;
2559;
2568;
2566;
2556;
2499;
2454;
2466;
2496;
2559;
2612;
2544;
2466;
2446;
2458;
2500;
2458;
2426;
2418;
2427;
2415;
2388;
2414;
2447;
2486;
2543;
2558;
2544;
2559;
2532;
2506;
2492;
2488;
2473;
2479;
2523;
2580;
2552;
2518;
2436;
2320;
2303;
2332;
2408;
2519;
2590;
2559;
2472;
2436;
2430;
2460;
2540;
2599;
2598;
2604;
2552;
2428;
2367;
2387;
2495;
2576;
2546;
2486;
2374;
2322;
2340;
2364;
2452;
2527;
2539;
2570;
2574;
2540;
2494;
2464;
2484;
2532;
2572;
2544;
2500;
2499;
2522;
2450;
2420;
2412;
2407;
2412;
2432;
2435;
2438;
2471;
2491;
2498;
2516;
2552;
2536;
2532;
2534;
2514;
2496;
2492;
2491;
2504;
2528;
2524;
2456;
2406;
2399;
2350;
2334;
2430;
2507;
2527;
2511;
2503;
2484;
2500;
2551;
2559;
2539;
2534;
2514;
2496;
2474;
2483;
2514;
2514;
2519;
2464;
2344;
2288;
2345;
2431;
2510;
2568;
2544;
2468;
2470;
2500;
2530;
2540;
2548;
2554;
2510;
2490;
2462;
2454;
2496;
2544;
2567;
2472;
2400;
2325;
2296;
2359;
2479;
2551;
2556;
2551;
2499;
2473;
2466;
2482;
2506;
2547;
2572;
2555;
2532;
2514;
2472;
2434;
2424;
2476;
2498;
2404;
2367;
2391;
2420;
2467;
2504;
2512;
2496;
2517;
2548;
2542;
2502;
2486;
2483;
2506;
2571;
2588;
2514;
2460;
2456;
2451;
2398;
2364;
2360;
2420;
2502;
2559;
2507;
2440;
2434;
2454;
2512;
2568;
2589;
2559;
2536;
2508;
2487;
2474;
2453;
2463;
2516;
2527;
2480;
2400;
2330;
2337;
2436;
2510;
2516;
2523;
2507;
2488;
2514;
2507;
2506;
2519;
2523;
2524;
2548;
2564;
2530;
2448;
2432;
2471;
2455;
2434;
2394;
2375;
2428;
2498;
2503;
2474;
2466;
2476;
2506;
2550;
2559;
2542;
2512;
2490;
2503;
2546;
2500;
2424;
2430;
2490;
2527;
2484;
2367;
2311;
2377;
2467;
2507;
2528;
2506;
2510;
2517;
2526;
2515;
2468;
2468;
2513;
2544;
2591;
2576;
2450;
2416;
2450;
2495;
2422;
2384;
2415;
2464;
2518;
2499;
2436;
2394;
2431;
2506;
2577;
2603;
2570;
2524;
2478;
2467;
2480;
2515;
2523;
2519;
2524;
2518;
2428;
2331;
2346;
2386;
2470;
2532;
2520;
2488;
2478;
2474;
2490;
2502;
2507;
2534;
2539;
2547;
2568;
2559;
2480;
2386;
2379;
2462;
2506;
2448;
2406;
2420;
2440;
2448;
2464;
2468;
2486;
2532;
2559;
2559;
2522;
2474;
2461;
2484;
2551;
2611;
2530;
2448;
2448;
2462;
2420;
2396;
2398;
2430;
2494;
2524;
2461;
2423;
2436;
2478;
2542;
2559;
2558;
2516;
2500;
2510;
2530;
2530;
2520;
2467;
2412;
2455;
2459;
2414;
2412;
2454;
2472;
2440;
2456;
2456;
2467;
2514;
2547;
2540;
2528;
2529;
2496;
2494;
2504;
2549;
2540;
2487;
2466;
2440;
2428;
2427;
2419;
2407;
2419;
2468;
2499;
2466;
2472;
2502;
2495;
2524;
2537;
2536;
2526;
2523;
2528;
2524;
2536;
2487;
2408;
2402;
2482;
2475;
2424;
2420;
2430;
2423;
2418;
2482;
2523;
2543;
2550;
2526;
2488;
2470;
2482;
2506;
2543;
2559;
2564;
2508;
2455;
2424;
2362;
2367;
2442;
2494;
2483;
2470;
2448;
2439;
2475;
2523;
2538;
2539;
2532;
2514;
2503;
2504;
2487;
2508;
2534;
2551;
2519;
2416;
2384;
2419;
2455;
2442;
2432;
2427;
2436;
2490;
2540;
2543;
2518;
2484;
2468;
2475;
2515;
2540;
2551;
2554;
2556;
2508;
2432;
2392;
2376;
2404;
2471;
2511;
2492;
2452;
2432;
2422;
2460;
2518;
2520;
2506;
2503;
2503;
2510;
2516;
2536;
2533;
2519;
2512;
2502;
2450;
2390;
2378;
2451;
2526;
2511;
2455;
2398;
2386;
2452;
2524;
2567;
2574;
2518;
2488;
2464;
2478;
2511;
2526;
2555;
2608;
2546;
2419;
2303;
2297;
2403;
2531;
2575;
2480;
2444;
2432;
2448;
2488;
2523;
2521;
2510;
2528;
2528;
2494;
2480;
2482;
2491;
2530;
2595;
2528;
2419;
2367;
2391;
2426;
2463;
2483;
2448;
2448;
2490;
2489;
2479;
2488;
2510;
2543;
2568;
2559;
2516;
2474;
2459;
2461;
2540;
2601;
2484;
2360;
2363;
2408;
2445;
2451;
2427;
2444;
2519;
2551;
2559;
2496;
2444;
2460;
2480;
2539;
2568;
2555;
2502;
2486;
2530;
2516;
2400;
2360;
2407;
2502;
2540;
2464;
2362;
2367;
2444;
2516;
2551;
2559;
2530;
2500;
2490;
2500;
2482;
2482;
2499;
2530;
2582;
2596;
2474;
2328;
2303;
2391;
2480;
2490;
2484;
2482;
2482;
2506;
2519;
2486;
2461;
2495;
2522;
2555;
2559;
2516;
2459;
2432;
2472;
2559;
2523;
2443;
2420;
2419;
2484;
2475;
2388;
2351;
2436;
2535;
2575;
2573;
2518;
2475;
2466;
2483;
2524;
2535;
2520;
2507;
2531;
2559;
2472;
2296;
2303;
2431;
2535;
2530;
2480;
2428;
2433;
2480;
2524;
2538;
2524;
2500;
2502;
2507;
2500;
2490;
2471;
2480;
2516;
2548;
2524;
2424;
2358;
2385;
2463;
2515;
2514;
2438;
2422;
2452;
2483;
2519;
2528;
2531;
2544;
2528;
2499;
2454;
2432;
2458;
2498;
2582;
2640;
2496;
2339;
2318;
2398;
2446;
2478;
2482;
2500;
2539;
2538;
2500;
2460;
2444;
2474;
2512;
2549;
2559;
2514;
2474;
2464;
2492;
2528;
2472;
2427;
2445;
2492;
2489;
2444;
2416;
2413;
2460;
2488;
2520;
2534;
2518;
2526;
2514;
2504;
2496;
2468;
2479;
2494;
2518;
2566;
2514;
2382;
2382;
2412;
2470;
2494;
2480;
2427;
2447;
2504;
2522;
2513;
2506;
2491;
2486;
2488;
2500;
2498;
2523;
2516;
2512;
2518;
2483;
2406;
2388;
2452;
2514;
2493;
2458;
2442;
2438;
2456;
2475;
2499;
2535;
2559;
2559;
2522;
2482;
2446;
2434;
2454;
2496;
2543;
2567;
2516;
2450;
2408;
2388;
2419;
2436;
2478;
2503;
2516;
2507;
2488;
2479;
2466;
2506;
2510;
2531;
2523;
2500;
2482;
2467;
2490;
2503;
2493;
2464;
2461;
2480;
2454;
2427;
2414;
2434;
2483;
2534;
2512;
2516;
2496;
2488;
2484;
2482;
2498;
2510;
2534;
2528;
2506;
2472;
2456;
2435;
2434;
2451;
2464;
2496;
2495;
2464;
2443;
2428;
2463;
2526;
2559;
2572;
2540;
2478;
2436;
2423;
2463;
2511;
2534;
2557;
2526;
2460;
2412;
2375;
2414;
2448;
2475;
2499;
2502;
2495;
2474;
2470;
2494;
2508;
2530;
2550;
2524;
2490;
2475;
2458;
2458;
2463;
2506;
2539;
2532;
2476;
2422;
2381;
2409;
2471;
2494;
2515;
2508;
2498;
2472;
2479;
2484;
2505;
2512;
2527;
2530;
2506;
2478;
2444;
2468;
2510;
2475;
2434;
2444;
2454;
2462;
2474;
2464;
2487;
2507;
2512;
2523;
2506;
2494;
2474;
2464;
2482;
2503;
2514;
2511;
2484;
2472;
2480;
2498;
2466;
2432;
2424;
2434;
2466;
2490;
2484;
2506;
2506;
2526;
2520;
2494;
2483;
2472;
2478;
2486;
2506;
2510;
2483;
2492;
2514;
2532;
2470;
2388;
2379;
2439;
2494;
2512;
2495;
2482;
2474;
2486;
2500;
2518;
2530;
2514;
2516;
2476;
2459;
2462;
2458;
2487;
2537;
2574;
2547;
2450;
2361;
2352;
2404;
2463;
2506;
2535;
2552;
2528;
2488;
2456;
2458;
2472;
2503;
2528;
2531;
2519;
2478;
2450;
2448;
2509;
2520;
2467;
2446;
2436;
2461;
2476;
2462;
2466;
2478;
2500;
2520;
2530;
2528;
2506;
2480;
2454;
2458;
2482;
2498;
2524;
2524;
2516;
2492;
2430;
2367;
2404;
2476;
2535;
2531;
2488;
2448;
2452;
2468;
2498;
2524;
2538;
2526;
2490;
2472;
2450;
2444;
2471;
2501;
2540;
2544;
2498;
2444;
2408;
2411;
2444;
2470;
2491;
2520;
2531;
2531;
2492;
2459;
2448;
2458;
2486;
2515;
2532;
2534;
2498;
2472;
2459;
2474;
2472;
2450;
2455;
2492;
2516;
2503;
2467;
2439;
2444;
2467;
2498;
2531;
2542;
2519;
2508;
2450;
2442;
2444;
2475;
2500;
2540;
2559;
2526;
2448;
2392;
2400;
2435;
2482;
2492;
2516;
2523;
2512;
2489;
2467;
2451;
2463;
2502;
2512;
2532;
2516;
2476;
2464;
2448;
2483;
2510;
2482;
2462;
2462;
2464;
2467;
2469;
2476;
2498;
2510;
2508;
2496;
2490;
2484;
2486;
2488;
2475;
2482;
2488;
2482;
2498;
2513;
2502;
2474;
2446;
2451;
2459;
2487;
2480;
2479;
2483;
2491;
2495;
2503;
2503;
2488;
2490;
2462;
2467;
2474;
2492;
2519;
2512;
2490;
2514;
2472;
2438;
2447;
2471;
2498;
2500;
2486;
2485;
2477;
2475;
2486;
2494;
2499;
2500;
2478;
2478;
2468;
2495;
2488;
2492;
2494;
2499;
2496;
2472;
2467;
2470;
2479;
2476;
2479;
2480;
2487;
2496;
2486;
2486;
2482;
2478;
2475;
2478;
2478;
2485;
2496;
2496;
2494;
2492;
2475;
2468;
2483;
2482;
2491;
2484;
2490;
2482;
2480;
2480;
2483;
2490;
2483;
2492;
2480;
2476;
2488;
2474;
2488;
2480;
2483;
2486;
2508;
2498;
2493;
2494;
2478;
2472;
2458;
2487;
2496;
2498;
2491;
2490;
2484;
2467;
2459;
2459;
2476;
2504;
2498;
2512;
2504;
2468;
2474;
2462;
2466;
2502;
2502;
2518;
2512;
2487;
2472;
2439;
2451;
2478;
2474;
2519;
2506;
2508;
2456;
2451;
2439;
2454;
2508;
2514;
2536;
2506;
2492;
2463;
2444;
2478;
2478;
2510;
2534;
2496;
2483;
2445;
2440;
2456;
2452;
2515;
2510;
2504;
2511;
2440;
2472;
2459;
2490;
2516;
2515;
2535;
2484;
2474;
2471;
2448;
2503;
2499;
2498;
2500;
2454;
2452;
2448;
2454;
2519;
2490;
2516;
2502;
2445;
2489;
2440;
2484;
2502;
2502;
2554;
2496;
2482;
2490;
2438;
2480;
2480;
2456;
2531;
2478;
2460;
2494;
2416;
2495;
2471;
2476;
2524;
2456;
2491;
2503;
2444;
2515;
2498;
2478;
2549;
2444;
2492;
2487;
2440;
2524;
2454;
2480;
2483;
2443;
2484;
2480;
2474;
2514;
2476;
2478;
2498;
2444;
2511;
2476;
2510;
2524;
2478;
2508;
2468;
2478;
2483;
2466;
2472;
2482;
2470;
2480;
2478;
2470;
2490;
2458;
2495;
2476;
2487;
2504;
2464;
2491;
2488;
2514;
2506;
2506;
2500;
2486;
2466;
2466;
2468;
2472;
2491;
2470;
2502;
2467;
2480;
2480;
2456;
2515;
2476;
2502;
2504;
2482;
2515;
2496;
2494;
2500;
2475;
2476;
2492;
2488;
2503;
2464;
2444;
2454;
2446;
2497;
2488;
2498;
2504;
2478;
2480;
2464;
2458;
2482;
2521;
2506;
2536;
2508;
2478;
2482;
2440;
2468;
2466;
2482;
2500;
2490;
2492;
2486;
2446;
2451;
2464;
2460;
2532;
2520;
2516;
2503;
2479;
2470;
2471;
2476;
2496;
2490;
2502;
2524;
2462;
2462;
2446;
2412;
2476;
2475;
2527;
2514;
2474;
2494;
2454;
2447;
2498;
2482;
2535;
2544;
2490;
2517;
2449;
2450;
2480;
2484;
2516;
2502;
2472;
2476;
2426;
2447;
2487;
2455;
2514;
2496;
2495;
2518;
2459;
2480;
2468;
2483;
2530;
2520;
2520;
2510;
2456;
2454;
2455;
2437;
2498;
2486;
2507;
2500;
2464;
2470;
2448;
2464;
2500;
2508;
2520;
2496;
2482;
2487;
2480;
2496;
2498;
2484;
2498;
2482;
2483;
2467;
2462;
2459;
2459;
2488;
2482;
2484;
2486;
2487;
2484;
2484;
2486;
2487;
2496;
2503;
2524;
2492;
2500;
2469;
2472;
2484;
2464;
2488;
2472;
2470;
2484;
2470;
2481;
2478;
2454;
2479;
2475;
2486;
2524;
2500;
2508;
2478;
2472;
2498;
2480;
2494;
2514;
2502;
2506;
2472;
2444;
2454;
2446;
2471;
2502;
2496;
2504;
2484;
2471;
2464;
2452;
2467;
2498;
2506;
2548;
2538;
2518;
2478;
2432;
2424;
2444;
2482;
2539;
2524;
2507;
2476;
2418;
2411;
2419;
2459;
2521;
2552;
2559;
2522;
2458;
2420;
2416;
2467;
2519;
2558;
2558;
2530;
2467;
2406;
2392;
2416;
2462;
2532;
2551;
2535;
2476;
2422;
2398;
2432;
2487;
2555;
2568;
2566;
2512;
2452;
2424;
2415;
2447;
2512;
2552;
2551;
2520;
2450;
2402;
2383;
2415;
2471;
2519;
2570;
2567;
2507;
2456;
2432;
2419;
2455;
2529;
2582;
2588;
2544;
2474;
2414;
2388;
2432;
2478;
2526;
2548;
2524;
2472;
2426;
2408;
2415;
2464;
2525;
2558;
2559;
2520;
2458;
2434;
2448;
2494;
2522;
2538;
2539;
2492;
2452;
2416;
2414;
2442;
2500;
2523;
2514;
2494;
2461;
2444;
2450;
2477;
2499;
2524;
2526;
2510;
2514;
2490;
2464;
2464;
2452;
2464;
2517;
2522;
2518;
2482;
2444;
2432;
2430;
2454;
2494;
2524;
2535;
2528;
2502;
2462;
2444;
2451;
2504;
2542;
2550;
2505;
2470;
2446;
2448;
2471;
2492;
2498;
2490;
2475;
2464;
2455;
2467;
2492;
2490;
2511;
2512;
2494;
2478;
2473;
2499;
2515;
2518;
2504;
2480;
2460;
2466;
2480;
2478;
2472;
2474;
2480;
2468;
2462;
2472;
2486;
2492;
2508;
2501;
2482;
2471;
2482;
2508;
2522;
2512;
2504;
2456;
2450;
2467;
2460;
2500;
2496;
2487;
2476;
2472;
2453;
2436;
2462;
2489;
2516;
2538;
2532;
2498;
2466;
2440;
2475;
2503;
2519;
2524;
2510;
2506;
2468;
2439;
2423;
2446;
2480;
2510;
2510;
2484;
2477;
2459;
2451;
2484;
2512;
2507;
2520;
2506;
2499;
2500;
2472;
2454;
2459;
2495;
2521;
2504;
2488;
2448;
2426;
2438;
2474;
2467;
2512;
2518;
2530;
2516;
2470;
2435;
2439;
2484;
2552;
2572;
2564;
2512;
2438;
2428;
2424;
2447;
2483;
2502;
2531;
2515;
2468;
2448;
2414;
2427;
2472;
2513;
2552;
2532;
2515;
2490;
2464;
2474;
2470;
2479;
2480;
2510;
2524;
2507;
2476;
2438;
2432;
2440;
2467;
2478;
2502;
2498;
2506;
2508;
2496;
2457;
2467;
2470;
2508;
2524;
2528;
2502;
2475;
2464;
2478;
2470;
2464;
2464;
2460;
2487;
2479;
2484;
2471;
2452;
2470;
2489;
2502;
2508;
2492;
2500;
2510;
2500;
2488;
2471;
2454;
2486;
2507;
2518;
2498;
2462;
2430;
2436;
2472;
2488;
2486;
2486;
2484;
2500;
2503;
2478;
2470;
2478;
2499;
2526;
2519;
2504;
2468;
2476;
2475;
2487;
2488;
2476;
2462;
2466;
2476;
2478;
2469;
2464;
2500;
2532;
2519;
2502;
2460;
2452;
2465;
2505;
2529;
2530;
2496;
2478;
2470;
2474;
2476;
2468;
2474;
2484;
2486;
2480;
2438;
2447;
2486;
2507;
2537;
2535;
2499;
2460;
2448;
2464;
2498;
2503;
2502;
2515;
2518;
2524;
2478;
2446;
2410;
2407;
2446;
2508;
2522;
2523;
2512;
2496;
2484;
2456;
2440;
2450;
2500;
2543;
2556;
2514;
2464;
2446;
2450;
2492;
2510;
2500;
2484;
2466;
2460;
2444;
2442;
2460;
2502;
2546;
2555;
2518;
2464;
2414;
2402;
2454;
2521;
2547;
2551;
2518;
2498;
2468;
2454;
2436;
2432;
2466;
2488;
2522;
2508;
2462;
2446;
2456;
2502;
2508;
2519;
2490;
2474;
2486;
2484;
2491;
2479;
2499;
2519;
2512;
2494;
2464;
2432;
2442;
2482;
2486;
2499;
2494;
2480;
2478;
2484;
2490;
2483;
2474;
2462;
2475;
2506;
2512;
2504;
2503;
2507;
2512;
2499;
2474;
2448;
2446;
2459;
2492;
2483;
2472;
2468;
2462;
2495;
2496;
2492;
2480;
2466;
2484;
2506;
2532;
2523;
2498;
2498;
2490;
2476;
2458;
2443;
2452;
2464;
2498;
2491;
2490;
2474;
2456;
2464;
2490;
2512;
2504;
2496;
2508;
2515;
2506;
2488;
2468;
2472;
2503;
2511;
2488;
2464;
2446;
2446;
2465;
2486;
2471;
2487;
2491;
2494;
2500;
2487;
2474;
2471;
2480;
2507;
2516;
2508;
2498;
2470;
2474;
2486;
2474;
2471;
2474;
2476;
2486;
2488;
2468;
2454;
2459;
2484;
2511;
2519;
2490;
2472;
2468;
2494;
2515;
2496;
2490;
2476;
2491;
2502;
2488;
2480;
2456;
2478;
2491;
2483;
2490;
2468;
2466;
2486;
2512;
2522;
2515;
2480;
2454;
2444;
2490;
2510;
2508;
2515;
2496;
2475;
2468;
2448;
2454;
2476;
2504;
2507;
2487;
2459;
2430;
2452;
2500;
2520;
2512;
2487;
2472;
2474;
2487;
2502;
2492;
2483;
2490;
2492;
2476;
2484;
2472;
2475;
2498;
2492;
2476;
2474;
2470;
2467;
2491;
2504;
2504;
2506;
2475;
2471;
2482;
2484;
2494;
2480;
2480;
2508;
2507;
2478;
2468;
2452;
2460;
2488;
2498;
2492;
2490;
2468;
2464;
2471;
2480;
2480;
2503;
2519;
2520;
2516;
2483;
2456;
2464;
2471;
2500;
2508;
2494;
2486;
2472;
2456;
2466;
2470;
2475;
2518;
2515;
2506;
2488;
2465;
2456;
2460;
2482;
2519;
2526;
2514;
2496;
2458;
2460;
2462;
2462;
2488;
2492;
2514;
2502;
2464;
2452;
2450;
2463;
2490;
2498;
2516;
2514;
2498;
2488;
2478;
2480;
2486;
2476;
2484;
2494;
2490;
2484;
2482;
2476;
2478;
2474;
2473;
2491;
2490;
2486;
2490;
2488;
2486;
2492;
2480;
2494;
2498;
2504;
2491;
2472;
2474;
2474;
2490;
2492;
2482;
2493;
2470;
2474;
2472;
2462;
2482;
2496;
2498;
2496;
2491;
2483;
2482;
2478;
2493;
2506;
2507;
2498;
2471;
2471;
2464;
2473;
2494;
2503;
2491;
2480;
2470;
2472;
2481;
2480;
2491;
2484;
2492;
2502;
2484;
2478;
2487;
2485;
2503;
2492;
2486;
2474;
2482;
2496;
2480;
2472;
2471;
2478;
2478;
2490;
2486;
2477;
2476;
2467;
2478;
2494;
2508;
2508;
2481;
2484;
2492;
2484;
2491;
2496;
2484;
2488;
2482;
2483;
2483;
2488;
2480;
2480;
2484;
2492;
2476;
2474;
2471;
2478;
2506;
2506;
2488;
2468;
2482;
2505;
2487;
2494;
2506;
2492;
2489;
2478;
2466;
2462;
2484;
2482;
2484;
2495;
2503;
2479;
2456;
2456;
2484;
2506;
2512;
2480;
2475;
2484;
2501;
2484;
2474;
2480;
2475;
2478;
2510;
2500;
2492;
2491;
2456;
2492;
2523;
2494;
2458;
2459;
2494;
2491;
2459;
2460;
2458;
2531;
