-1;
-1;
0;
511;
423;
128;
295;
1127;
336;
4095;
696;
4095;
3040;
472;
4095;
696;
991;
4095;
720;
4095;
3996;
664;
4095;
632;
1071;
4095;
1008;
4095;
664;
4095;
3600;
760;
4095;
912;
4095;
2416;
864;
4095;
640;
4095;
624;
639;
4095;
680;
4095;
4095;
888;
4095;
640;
4095;
656;
987;
4095;
696;
4095;
639;
987;
4095;
912;
4095;
656;
1215;
4095;
952;
4095;
3838;
1136;
4095;
896;
4095;
656;
1903;
4007;
752;
4095;
637;
4095;
4095;
1023;
4095;
656;
4095;
1936;
912;
4095;
664;
4095;
648;
827;
4095;
664;
4095;
4077;
968;
4095;
792;
4095;
4095;
928;
4095;
720;
4095;
2672;
1184;
4095;
720;
4095;
640;
1951;
4023;
768;
4095;
656;
4095;
4095;
827;
4095;
656;
4095;
4095;
1023;
4095;
656;
4095;
4095;
829;
4095;
664;
4095;
4095;
912;
4095;
672;
4095;
4095;
1087;
4095;
672;
4095;
656;
951;
4095;
640;
4095;
656;
907;
4095;
688;
4095;
664;
887;
4095;
688;
4095;
648;
2087;
3999;
768;
4095;
636;
2287;
4079;
760;
4095;
656;
1438;
4095;
888;
4095;
640;
1111;
4095;
1022;
4095;
656;
4095;
4095;
960;
4095;
656;
4095;
4095;
1016;
4095;
688;
4095;
4095;
1017;
4095;
664;
4095;
640;
1067;
4095;
672;
4095;
648;
943;
4095;
760;
4095;
768;
759;
4095;
824;
4095;
1072;
875;
4095;
904;
4095;
656;
4095;
4095;
760;
4095;
720;
4095;
4095;
768;
4095;
640;
4095;
4095;
1016;
4095;
656;
4095;
2576;
1016;
4095;
656;
4095;
3168;
1072;
4095;
696;
4095;
4095;
952;
4095;
848;
4095;
4095;
1728;
4095;
688;
4095;
640;
1043;
4095;
648;
4095;
640;
1127;
4095;
688;
4095;
640;
1027;
4095;
960;
4095;
728;
4095;
4095;
928;
4095;
656;
4095;
4095;
896;
4095;
656;
2107;
4095;
824;
4095;
640;
4095;
4095;
1072;
4095;
648;
4095;
1984;
912;
4095;
688;
4095;
944;
687;
4095;
808;
4095;
1792;
1547;
4095;
720;
4095;
1152;
2887;
4095;
698;
4095;
656;
2315;
4095;
760;
4095;
640;
955;
4095;
1968;
4095;
680;
1263;
3407;
1080;
4095;
672;
4095;
4095;
784;
4095;
1536;
4095;
4095;
768;
4095;
760;
4095;
2816;
1456;
4095;
664;
1558;
1112;
2043;
4095;
688;
4095;
1168;
959;
4095;
944;
4095;
3704;
736;
2391;
1808;
4095;
3408;
1280;
4095;
752;
4095;
1152;
2759;
4095;
688;
4095;
896;
1831;
4095;
776;
4095;
640;
1911;
2563;
1280;
4095;
2104;
2285;
1248;
1239;
4095;
976;
4095;
3304;
672;
4095;
1232;
4095;
4095;
2320;
3566;
632;
4095;
2760;
1600;
4095;
688;
4095;
640;
1175;
4095;
1536;
4095;
656;
895;
4095;
1536;
4095;
1848;
2460;
2935;
696;
4095;
2768;
4095;
3272;
511;
4095;
1272;
2654;
3507;
1872;
4095;
664;
1495;
2980;
2992;
3998;
696;
1459;
2379;
2080;
4095;
2232;
4095;
2128;
400;
2095;
2244;
4095;
2992;
1328;
3023;
1080;
2727;
2352;
2710;
4087;
696;
1548;
2117;
3551;
4095;
768;
2223;
1880;
1803;
3015;
2362;
4095;
2432;
784;
1807;
1934;
4095;
2568;
1960;
2831;
1424;
2819;
1712;
3222;
4095;
824;
1695;
1632;
3631;
4095;
1792;
3071;
1232;
1751;
2039;
2262;
4095;
2592;
2016;
1208;
1551;
4095;
1952;
2871;
2786;
1920;
2567;
1424;
4095;
3536;
1832;
1855;
1160;
4095;
3072;
2772;
3447;
1680;
2413;
824;
1835;
4047;
2912;
2979;
1008;
2062;
3111;
1952;
3298;
2480;
2713;
2016;
1408;
3583;
3144;
3126;
1744;
1040;
2815;
2296;
3063;
3132;
2800;
2644;
568;
1883;
3062;
3236;
3008;
1472;
2399;
2364;
2311;
3019;
2559;
3044;
1632;
1343;
2711;
3343;
3684;
2064;
1672;
2295;
1792;
2575;
3055;
3559;
3000;
1264;
1759;
2367;
3071;
3020;
2080;
2671;
2384;
2210;
2531;
2708;
3341;
1952;
1392;
2304;
2879;
3455;
2480;
2352;
2462;
1656;
2183;
2423;
3318;
3264;
1792;
2031;
2131;
2868;
2732;
2080;
2871;
2288;
2225;
2336;
2759;
3548;
2064;
1796;
1942;
2411;
3234;
2496;
2991;
2656;
1992;
2025;
1828;
3231;
3072;
2280;
2285;
2083;
2951;
2312;
2413;
2859;
2192;
2358;
1888;
2795;
3427;
2488;
2240;
1568;
2327;
2618;
2392;
3164;
2800;
2610;
1776;
1799;
2895;
2672;
2652;
2192;
2383;
2799;
2224;
2611;
2598;
2576;
2288;
1792;
2701;
3071;
2872;
2320;
1944;
2479;
2256;
2407;
2797;
2898;
2744;
1936;
2159;
2678;
2759;
2552;
2064;
2379;
2570;
2460;
2643;
2794;
2770;
2104;
1728;
2333;
2903;
2946;
2592;
2340;
2395;
2156;
2124;
2562;
2917;
2866;
2256;
2131;
2604;
2682;
2508;
2224;
2383;
2566;
2288;
2574;
2855;
2904;
2416;
1776;
2231;
2575;
2783;
2720;
2480;
2707;
2208;
2106;
2399;
2703;
2955;
2232;
2283;
2543;
2585;
2636;
2216;
2551;
2388;
2138;
2451;
2634;
3156;
2576;
2072;
2215;
2252;
2678;
2432;
2679;
2811;
2288;
2272;
2175;
2750;
2812;
2296;
2375;
2272;
2679;
2570;
2500;
2770;
2336;
2218;
1984;
2485;
3110;
2768;
2596;
2192;
2290;
2303;
2190;
2727;
2768;
2704;
2300;
2160;
2639;
2570;
2530;
2296;
2419;
2617;
2366;
2591;
2664;
2636;
2288;
1970;
2423;
2687;
2820;
2612;
2444;
2511;
2240;
2279;
2437;
2723;
2696;
2288;
2360;
2551;
2723;
2520;
2330;
2460;
2364;
2377;
2440;
2751;
2823;
2424;
2186;
2166;
2531;
2615;
2552;
2665;
2576;
2470;
2170;
2330;
2643;
2528;
2464;
2303;
2586;
2676;
2488;
2531;
2384;
2488;
2260;
2279;
2676;
2728;
2723;
2288;
2303;
2474;
2338;
2535;
2518;
2747;
2568;
2264;
2443;
2403;
2596;
2364;
2335;
2647;
2544;
2642;
2404;
2508;
2538;
2174;
2382;
2427;
2735;
2656;
2338;
2527;
2376;
2507;
2390;
2437;
2700;
2432;
2475;
2374;
2575;
2684;
2301;
2414;
2356;
2551;
2547;
2472;
2767;
2496;
2400;
2202;
2315;
2658;
2508;
2615;
2492;
2543;
2524;
2224;
2511;
2492;
2555;
2434;
2367;
2695;
2520;
2491;
2338;
2361;
2543;
2367;
2598;
2620;
2643;
2492;
2168;
2411;
2446;
2575;
2518;
2460;
2670;
2410;
2461;
2459;
2525;
2566;
2272;
2453;
2498;
2653;
2608;
2384;
2516;
2348;
2393;
2414;
2572;
2791;
2456;
2403;
2326;
2442;
2523;
2384;
2591;
2490;
2518;
2454;
2427;
2671;
2460;
2428;
2278;
2385;
2623;
2472;
2654;
2548;
2484;
2364;
2208;
2559;
2559;
2638;
2540;
2388;
2551;
2330;
2449;
2458;
2532;
2623;
2360;
2571;
2540;
2559;
2464;
2250;
2511;
2404;
2531;
2580;
2546;
2651;
2300;
2383;
2384;
2506;
2647;
2388;
2572;
2456;
2448;
2460;
2376;
2651;
2420;
2428;
2455;
2478;
2684;
2424;
2511;
2410;
2367;
2468;
2360;
2683;
2618;
2544;
2443;
2303;
2543;
2380;
2503;
2554;
2511;
2595;
2330;
2519;
2498;
2470;
2506;
2328;
2591;
2512;
2535;
2534;
2416;
2539;
2280;
2406;
2524;
2557;
2647;
2392;
2527;
2424;
2391;
2467;
2378;
2623;
2490;
2492;
2503;
2442;
2583;
2328;
2463;
2504;
2506;
2596;
2408;
2591;
2440;
2390;
2471;
2416;
2662;
2488;
2500;
2496;
2419;
2567;
2360;
2522;
2522;
2438;
2495;
2356;
2612;
2516;
2483;
2531;
2400;
2542;
2352;
2463;
2516;
2488;
2622;
2394;
2547;
2472;
2394;
2456;
2358;
2631;
2520;
2522;
2556;
2380;
2492;
2290;
2450;
2566;
2544;
2666;
2416;
2529;
2424;
2331;
2465;
2402;
2650;
2512;
2528;
2580;
2410;
2487;
2264;
2427;
2524;
2524;
2687;
2480;
2559;
2362;
2248;
2396;
2399;
2711;
2596;
2588;
2556;
2314;
2408;
2274;
2508;
2590;
2524;
2622;
2434;
2555;
2426;
2367;
2479;
2394;
2604;
2484;
2555;
2615;
2416;
2448;
2272;
2458;
2519;
2534;
2687;
2508;
2555;
2344;
2302;
2451;
2427;
2635;
2508;
2559;
2568;
2392;
2463;
2320;
2491;
2487;
2468;
2636;
2512;
2595;
2396;
2350;
2431;
2375;
2603;
2520;
2602;
2569;
2371;
2443;
2330;
2527;
2512;
2480;
2603;
2440;
2543;
2416;
2455;
2540;
2416;
2550;
2403;
2526;
2530;
2424;
2527;
2400;
2535;
2462;
2448;
2580;
2432;
2538;
2400;
2458;
2547;
2426;
2566;
2416;
2491;
2484;
2408;
2566;
2454;
2575;
2444;
2402;
2523;
2400;
2543;
2454;
2527;
2559;
2400;
2527;
2404;
2499;
2484;
2422;
2570;
2456;
2567;
2456;
2422;
2511;
2384;
2534;
2466;
2559;
2579;
2402;
2510;
2360;
2475;
2487;
2472;
2623;
2470;
2540;
2400;
2387;
2512;
2412;
2581;
2508;
2538;
2512;
2360;
2493;
2382;
2495;
2516;
2500;
2623;
2464;
2502;
2384;
2387;
2484;
2404;
2590;
2546;
2590;
2538;
2364;
2447;
2331;
2467;
2512;
2556;
2671;
2480;
2503;
2344;
2347;
2455;
2420;
2630;
2584;
2611;
2506;
2332;
2439;
2340;
2483;
2524;
2559;
2650;
2468;
2518;
2384;
2390;
2452;
2400;
2579;
2538;
2595;
2534;
2408;
2479;
2336;
2454;
2478;
2542;
2643;
2472;
2540;
2404;
2400;
2443;
2386;
2572;
2504;
2570;
2538;
2456;
2532;
2360;
2442;
2416;
2460;
2583;
2496;
2612;
2472;
2440;
2420;
2342;
2532;
2496;
2598;
2568;
2452;
2494;
2324;
2452;
2476;
2537;
2599;
2464;
2543;
2420;
2432;
2482;
2436;
2582;
2474;
2524;
2490;
2432;
2519;
2388;
2501;
2496;
2515;
2559;
2432;
2506;
2395;
2425;
2490;
2474;
2622;
2496;
2515;
2438;
2384;
2476;
2414;
2578;
2546;
2520;
2511;
2367;
2495;
2424;
2491;
2542;
2482;
2558;
2432;
2484;
2467;
2442;
2527;
2432;
2532;
2488;
2494;
2527;
2426;
2531;
2422;
2463;
2480;
2450;
2566;
2460;
2539;
2499;
2456;
2503;
2395;
2492;
2460;
2496;
2557;
2488;
2566;
2440;
2427;
2414;
2401;
2530;
2504;
2612;
2558;
2460;
2446;
2322;
2439;
2452;
2548;
2623;
2536;
2556;
2367;
2390;
2407;
2422;
2583;
2530;
2607;
2508;
2416;
2432;
2352;
2484;
2480;
2551;
2593;
2516;
2536;
2384;
2395;
2411;
2431;
2551;
2518;
2606;
2528;
2452;
2443;
2348;
2455;
2463;
2549;
2595;
2526;
2543;
2388;
2411;
2411;
2424;
2559;
2520;
2606;
2522;
2432;
2446;
2360;
2475;
2472;
2559;
2577;
2504;
2520;
2400;
2442;
2436;
2454;
2548;
2498;
2578;
2500;
2459;
2462;
2387;
2470;
2454;
2536;
2570;
2512;
2550;
2414;
2427;
2403;
2415;
2526;
2506;
2610;
2536;
2466;
2444;
2360;
2458;
2450;
2559;
2596;
2520;
2519;
2390;
2419;
2413;
2457;
2559;
2526;
2588;
2492;
2456;
2444;
2388;
2476;
2460;
2550;
2559;
2515;
2542;
2426;
2442;
2396;
2416;
2530;
2530;
2614;
2524;
2460;
2422;
2334;
2444;
2460;
2576;
2592;
2530;
2528;
2396;
2413;
2386;
2444;
2545;
2532;
2592;
2500;
2459;
2442;
2378;
2455;
2466;
2559;
2579;
2512;
2516;
2408;
2427;
2418;
2458;
2546;
2506;
2554;
2487;
2472;
2452;
2416;
2488;
2467;
2524;
2536;
2500;
2524;
2440;
2475;
2430;
2452;
2508;
2487;
2559;
2500;
2492;
2460;
2411;
2468;
2445;
2531;
2524;
2504;
2519;
2443;
2480;
2448;
2471;
2512;
2475;
2523;
2468;
2493;
2499;
2464;
2494;
2434;
2480;
2472;
2488;
2535;
2499;
2510;
2448;
2443;
2467;
2448;
2527;
2504;
2528;
2498;
2448;
2476;
2422;
2479;
2482;
2492;
2536;
2486;
2515;
2456;
2470;
2471;
2440;
2511;
2482;
2536;
2522;
2495;
2500;
2418;
2455;
2446;
2488;
2551;
2516;
2540;
2468;
2440;
2442;
2428;
2512;
2504;
2547;
2510;
2458;
2472;
2416;
2470;
2487;
2516;
2523;
2464;
2496;
2456;
2486;
2496;
2464;
2504;
2466;
2490;
2472;
2482;
2515;
2486;
2512;
2476;
2470;
2480;
2454;
2500;
2474;
2500;
2503;
2478;
2503;
2454;
2475;
2475;
2476;
2523;
2480;
2514;
2474;
2466;
2470;
2451;
2504;
2488;
2523;
2506;
2466;
2475;
2438;
2484;
2488;
2512;
2532;
2472;
2486;
2432;
2464;
2494;
2492;
2544;
2496;
2498;
2452;
2440;
2480;
2480;
2528;
2520;
2508;
2487;
2438;
2461;
2450;
2498;
2520;
2512;
2526;
2459;
2452;
2434;
2449;
2510;
2504;
2538;
2497;
2475;
2466;
2432;
2484;
2490;
2515;
2512;
2480;
2494;
2456;
2480;
2467;
2482;
2514;
2476;
2506;
2476;
2468;
2474;
2464;
2507;
2490;
2508;
2495;
2467;
2472;
2444;
2492;
2488;
2508;
2515;
2470;
2482;
2440;
2461;
2492;
2488;
2532;
2486;
2490;
2464;
2456;
2470;
2464;
2514;
2508;
2499;
2499;
2462;
2474;
2456;
2478;
2504;
2500;
2520;
2476;
2480;
2456;
2452;
2490;
2490;
2532;
2506;
2488;
2472;
2436;
2476;
2472;
2512;
2514;
2500;
2494;
2443;
2462;
2457;
2484;
2520;
2500;
2518;
2478;
2456;
2454;
2446;
2494;
2503;
2535;
2520;
2494;
2480;
2424;
2436;
2448;
2495;
2548;
2539;
2538;
2462;
2422;
2394;
2416;
2508;
2539;
2582;
2556;
2476;
2423;
2354;
2415;
2479;
2540;
2590;
2552;
2510;
2427;
2398;
2406;
2442;
2524;
2546;
2555;
2518;
2468;
2432;
2402;
2440;
2468;
2524;
2554;
2526;
2520;
2452;
2436;
2430;
2427;
2498;
2510;
2550;
2530;
2498;
2471;
2423;
2430;
2442;
2492;
2538;
2530;
2523;
2466;
2450;
2435;
2451;
2499;
2499;
2532;
2504;
2493;
2486;
2449;
2483;
2468;
2480;
2478;
2471;
2510;
2510;
2511;
2528;
2456;
2449;
2394;
2461;
2487;
2533;
2552;
2544;
2514;
2432;
2438;
2330;
2439;
2462;
2612;
2696;
2642;
2544;
2322;
2148;
2228;
2379;
2654;
2919;
2816;
2730;
2240;
1988;
2044;
2187;
2715;
2964;
3063;
2788;
2304;
1968;
1877;
2143;
2567;
2991;
3099;
2912;
2432;
2040;
1860;
2031;
2427;
2844;
3103;
2944;
2640;
2152;
1936;
1952;
2279;
2727;
2972;
3058;
2722;
2338;
1984;
1927;
2207;
2550;
2943;
3032;
2788;
2392;
2034;
2008;
2203;
2599;
2855;
2876;
2650;
2288;
2201;
2175;
2507;
2698;
2780;
2596;
2344;
2128;
2228;
2471;
2724;
2967;
2672;
2496;
2056;
1995;
2207;
2511;
2959;
3018;
2858;
2424;
2056;
1792;
2103;
2415;
2923;
3199;
2946;
2720;
2016;
1828;
1810;
2235;
2799;
3151;
3278;
2816;
2306;
1720;
1718;
2022;
2583;
3183;
3302;
3072;
2392;
1856;
1628;
1887;
2427;
3047;
3291;
3124;
2616;
2000;
1792;
1811;
2343;
2775;
3119;
3116;
2680;
2322;
1888;
1995;
2190;
2587;
2903;
2928;
2824;
2400;
2208;
2058;
2175;
2447;
2675;
2823;
2762;
2558;
2336;
2208;
2208;
2419;
2550;
2742;
2698;
2570;
2432;
2248;
2341;
2376;
2590;
2636;
2618;
2542;
2367;
2363;
2338;
2516;
2570;
2608;
2582;
2448;
2388;
2332;
2421;
2511;
2610;
2620;
2606;
2432;
2348;
2296;
2343;
2526;
2620;
2748;
2644;
2484;
2296;
2186;
2271;
2427;
2674;
2779;
2778;
2559;
2320;
2141;
2164;
2351;
2586;
2819;
2819;
2686;
2392;
2200;
2147;
2247;
2503;
2702;
2819;
2728;
2536;
2329;
2182;
2247;
2358;
2555;
2727;
2736;
2648;
2454;
2282;
2235;
2282;
2460;
2652;
2728;
2687;
2496;
2378;
2251;
2303;
2454;
2559;
2676;
2598;
2550;
2432;
2362;
2412;
2381;
2500;
2508;
2551;
2574;
2515;
2504;
2412;
2392;
2427;
2430;
2534;
2576;
2566;
2532;
2436;
2432;
2396;
2449;
2516;
2526;
2550;
2474;
2480;
2450;
2463;
2523;
2480;
2502;
2438;
2439;
2471;
2478;
2575;
2548;
2518;
2478;
2378;
2417;
2398;
2484;
2568;
2574;
2600;
2496;
2436;
2367;
2344;
2408;
2486;
2599;
2676;
2623;
2544;
2392;
2262;
2254;
2327;
2541;
2714;
2804;
2742;
2498;
2248;
2098;
2142;
2367;
2675;
2898;
2916;
2712;
2364;
2072;
1960;
2119;
2471;
2855;
3082;
3012;
2656;
2160;
1824;
1784;
2159;
2671;
3164;
3359;
2976;
2400;
1760;
1504;
1839;
2407;
3151;
3495;
3312;
2688;
1888;
1456;
1574;
2142;
2891;
3431;
3480;
3016;
2240;
1624;
1424;
1807;
2479;
3198;
3550;
3314;
2704;
1856;
1432;
1517;
2099;
2915;
3455;
3582;
2976;
2168;
1504;
1349;
1871;
2638;
3389;
3615;
3168;
2360;
1608;
1368;
1799;
2499;
3215;
3494;
3170;
2520;
1832;
1617;
1819;
2363;
2919;
3231;
3144;
2656;
2192;
1824;
1855;
2187;
2639;
3054;
3096;
2884;
2392;
1984;
1842;
2039;
2460;
2919;
3135;
2976;
2552;
2072;
1855;
1961;
2374;
2799;
3095;
3024;
2664;
2224;
1920;
1947;
2215;
2631;
2950;
3031;
2820;
2432;
2120;
1954;
2103;
2407;
2742;
2948;
2912;
2672;
2320;
2092;
2039;
2223;
2524;
2783;
2926;
2812;
2544;
2242;
2072;
2111;
2330;
2619;
2855;
2879;
2712;
2432;
2160;
2082;
2204;
2475;
2734;
2867;
2788;
2558;
2303;
2140;
2186;
2324;
2583;
2759;
2787;
2708;
2484;
2300;
2195;
2236;
2423;
2582;
2728;
2748;
2608;
2452;
2300;
2254;
2322;
2450;
2611;
2666;
2686;
2580;
2452;
2338;
2278;
2342;
2423;
2570;
2663;
2663;
2603;
2458;
2366;
2301;
2315;
2439;
2540;
2652;
2671;
2604;
2488;
2348;
2286;
2289;
2426;
2597;
2700;
2718;
2592;
2416;
2248;
2206;
2355;
2511;
2703;
2752;
2658;
2476;
2276;
2240;
2286;
2451;
2644;
2710;
2700;
2544;
2386;
2256;
2245;
2367;
2543;
2702;
2736;
2634;
2448;
2268;
2228;
2303;
2493;
2671;
2742;
2672;
2484;
2320;
2224;
2289;
2462;
2634;
2732;
2672;
2536;
2344;
2251;
2295;
2412;
2603;
2687;
2700;
2576;
2400;
2282;
2242;
2367;
2534;
2671;
2734;
2623;
2482;
2314;
2227;
2298;
2439;
2631;
2735;
2712;
2586;
2367;
2260;
2227;
2342;
2534;
2684;
2764;
2660;
2508;
2303;
2194;
2250;
2402;
2615;
2755;
2764;
2634;
2400;
2232;
2170;
2282;
2500;
2687;
2804;
2728;
2532;
2296;
2163;
2228;
2386;
2603;
2734;
2758;
2622;
2424;
2303;
2243;
2303;
2431;
2579;
2686;
2687;
2618;
2474;
2320;
2250;
2284;
2426;
2595;
2724;
2747;
2602;
2416;
2246;
2212;
2326;
2494;
2687;
2736;
2676;
2500;
2330;
2256;
2279;
2426;
2571;
2684;
2670;
2559;
2434;
2320;
2314;
2375;
2503;
2598;
2623;
2604;
2496;
2408;
2350;
2364;
2439;
2523;
2595;
2604;
2544;
2452;
2386;
2377;
2438;
2518;
2594;
2547;
2506;
2426;
2392;
2438;
2503;
2596;
2554;
2491;
2403;
2360;
2429;
2499;
2623;
2612;
2542;
2424;
2310;
2342;
2421;
2546;
2644;
2649;
2556;
2412;
2303;
2311;
2383;
2530;
2639;
2662;
2604;
2444;
2360;
2296;
2359;
2487;
2590;
2676;
2608;
2520;
2400;
2303;
2319;
2407;
2551;
2644;
2660;
2586;
2448;
2322;
2284;
2351;
2500;
2644;
2687;
2623;
2482;
2330;
2254;
2327;
2484;
2612;
2699;
2642;
2508;
2362;
2300;
2332;
2443;
2559;
2650;
2636;
2544;
2448;
2344;
2356;
2399;
2494;
2581;
2615;
2594;
2496;
2420;
2362;
2367;
2446;
2522;
2604;
2600;
2555;
2468;
2380;
2351;
2388;
2479;
2578;
2615;
2594;
2508;
2411;
2352;
2367;
2460;
2535;
2602;
2594;
2516;
2459;
2386;
2396;
2423;
2486;
2556;
2538;
2551;
2499;
2459;
2442;
2416;
2444;
2470;
2504;
2542;
2535;
2524;
2464;
2434;
2420;
2419;
2470;
2514;
2542;
2539;
2510;
2466;
2422;
2427;
2434;
2478;
2532;
2540;
2534;
2498;
2472;
2434;
2435;
2460;
2471;
2506;
2512;
2516;
2528;
2510;
2494;
2439;
2400;
2387;
2426;
2523;
2614;
2638;
2582;
2450;
2323;
2278;
2358;
2515;
2658;
2711;
2622;
2456;
2303;
2245;
2336;
2513;
2656;
2700;
2634;
2472;
2322;
2279;
2327;
2479;
2608;
2676;
2634;
2528;
2400;
2311;
2319;
2392;
2519;
2632;
2667;
2623;
2488;
2352;
2256;
2284;
2422;
2595;
2731;
2724;
2580;
2384;
2224;
2226;
2359;
2571;
2731;
2747;
2640;
2418;
2248;
2211;
2311;
2519;
2675;
2742;
2686;
2496;
2328;
2222;
2267;
2410;
2596;
2731;
2732;
2620;
2404;
2248;
2207;
2303;
2499;
2671;
2778;
2710;
2540;
2328;
2184;
2210;
2367;
2571;
2775;
2795;
2672;
2432;
2210;
2171;
2259;
2495;
2711;
2792;
2726;
2506;
2300;
2188;
2255;
2421;
2623;
2743;
2699;
2554;
2367;
2266;
2273;
2407;
2559;
2670;
2650;
2552;
2400;
2323;
2348;
2442;
2558;
2615;
2590;
2488;
2410;
2382;
2420;
2497;
2558;
2564;
2516;
2440;
2390;
2403;
2474;
2559;
2592;
2552;
2474;
2378;
2356;
2410;
2502;
2599;
2623;
2572;
2476;
2367;
2333;
2376;
2471;
2586;
2647;
2610;
2520;
2387;
2315;
2336;
2431;
2559;
2651;
2646;
2544;
2404;
2302;
2311;
2404;
2543;
2655;
2654;
2580;
2420;
2328;
2311;
2395;
2539;
2638;
2660;
2570;
2435;
2324;
2314;
2403;
2523;
2619;
2644;
2558;
2446;
2363;
2336;
2403;
2500;
2603;
2619;
2552;
2466;
2384;
2378;
2407;
2495;
2556;
2566;
2554;
2483;
2442;
2404;
2415;
2467;
2522;
2556;
2542;
2502;
2444;
2424;
2435;
2472;
2518;
2530;
2526;
2494;
2460;
2444;
2446;
2464;
2500;
2510;
2535;
2535;
2476;
2454;
2426;
2420;
2469;
2520;
2558;
2551;
2496;
2434;
2404;
2388;
2471;
2535;
2578;
2584;
2490;
2437;
2388;
2384;
2470;
2532;
2580;
2570;
2506;
2448;
2403;
2392;
2440;
2514;
2556;
2572;
2528;
2466;
2418;
2400;
2423;
2479;
2538;
2559;
2538;
2496;
2450;
2414;
2424;
2447;
2500;
2535;
2540;
2516;
2484;
2445;
2430;
2435;
2472;
2522;
2534;
2526;
2507;
2451;
2446;
2439;
2462;
2500;
2526;
2521;
2504;
2472;
2460;
2446;
2468;
2489;
2500;
2514;
2503;
2476;
2472;
2452;
2478;
2484;
2503;
2504;
2476;
2472;
2464;
2475;
2476;
2506;
2502;
2488;
2482;
2460;
2476;
2478;
2488;
2500;
2500;
2499;
2495;
2472;
2462;
2456;
2459;
2488;
2500;
2528;
2516;
2492;
2456;
2436;
2446;
2466;
2510;
2534;
2538;
2496;
2467;
2446;
2434;
2455;
2499;
2520;
2532;
2512;
2484;
2466;
2435;
2446;
2474;
2504;
2535;
2516;
2504;
2471;
2433;
2442;
2460;
2485;
2519;
2531;
2510;
2494;
2464;
2446;
2435;
2458;
2496;
2514;
2539;
2514;
2491;
2456;
2434;
2446;
2466;
2510;
2525;
2535;
2512;
2482;
2458;
2426;
2441;
2467;
2500;
2542;
2536;
2516;
2487;
2428;
2420;
2426;
2470;
2526;
2543;
2548;
2508;
2466;
2427;
2407;
2444;
2488;
2534;
2558;
2544;
2488;
2428;
2390;
2407;
2460;
2519;
2574;
2571;
2520;
2444;
2387;
2382;
2428;
2503;
2577;
2587;
2544;
2464;
2398;
2376;
2407;
2492;
2559;
2588;
2572;
2492;
2424;
2367;
2390;
2467;
2535;
2590;
2578;
2515;
2443;
2402;
2403;
2446;
2508;
2553;
2556;
2528;
2472;
2432;
2414;
2428;
2477;
2535;
2554;
2528;
2479;
2450;
2432;
2447;
2480;
2510;
2520;
2508;
2485;
2464;
2464;
2474;
2491;
2498;
2484;
2467;
2470;
2483;
2492;
2516;
2504;
2484;
2473;
2444;
2458;
2475;
2515;
2525;
2518;
2503;
2460;
2440;
2440;
2470;
2503;
2532;
2528;
2510;
2474;
2440;
2432;
2450;
2490;
2523;
2536;
2530;
2504;
2460;
2427;
2412;
2432;
2492;
2535;
2570;
2566;
2502;
2420;
2367;
2387;
2455;
2550;
2607;
2582;
2514;
2418;
2358;
2376;
2448;
2550;
2600;
2579;
2506;
2424;
2384;
2402;
2460;
2535;
2566;
2548;
2491;
2440;
2426;
2432;
2476;
2518;
2536;
2519;
2492;
2462;
2441;
2451;
2468;
2503;
2523;
2528;
2514;
2480;
2435;
2420;
2416;
2480;
2568;
2596;
2570;
2478;
2388;
2339;
2391;
2500;
2607;
2634;
2578;
2450;
2332;
2322;
2399;
2532;
2632;
2638;
2544;
2420;
2348;
2344;
2423;
2525;
2599;
2602;
2536;
2456;
2400;
2383;
2431;
2495;
2547;
2566;
2536;
2489;
2453;
2435;
2438;
2450;
2483;
2516;
2546;
2548;
2520;
2477;
2427;
2399;
2422;
2471;
2534;
2559;
2551;
2506;
2452;
2424;
2416;
2444;
2468;
2510;
2527;
2536;
2530;
2502;
2459;
2403;
2387;
2411;
2506;
2575;
2612;
2571;
2476;
2372;
2334;
2367;
2483;
2599;
2656;
2618;
2496;
2356;
2294;
2324;
2467;
2599;
2671;
2632;
2516;
2367;
2290;
2316;
2444;
2591;
2662;
2660;
2528;
2388;
2298;
2313;
2446;
2575;
2654;
2640;
2534;
2394;
2310;
2318;
2422;
2559;
2654;
2658;
2554;
2412;
2292;
2295;
2392;
2550;
2670;
2672;
2590;
2418;
2300;
2278;
2367;
2533;
2644;
2687;
2604;
2454;
2320;
2278;
2348;
2503;
2615;
2687;
2638;
2496;
2356;
2268;
2303;
2423;
2587;
2687;
2684;
2576;
2416;
2291;
2258;
2351;
2508;
2668;
2728;
2652;
2492;
2310;
2232;
2284;
2439;
2635;
2726;
2694;
2550;
2376;
2258;
2276;
2394;
2555;
2660;
2679;
2600;
2448;
2340;
2300;
2347;
2468;
2594;
2654;
2636;
2538;
2408;
2328;
2316;
2390;
2522;
2623;
2648;
2592;
2476;
2366;
2331;
2360;
2462;
2559;
2619;
2610;
2532;
2438;
2367;
2364;
2436;
2502;
2569;
2578;
2550;
2480;
2420;
2407;
2428;
2463;
2511;
2530;
2532;
2506;
2478;
2462;
2450;
2462;
2470;
2495;
2500;
2498;
2502;
2486;
2484;
2471;
2486;
2486;
2483;
2466;
2463;
2468;
2500;
2522;
2526;
2502;
2456;
2424;
2404;
2454;
2519;
2559;
2570;
2536;
2441;
2392;
2396;
2433;
2520;
2568;
2580;
2542;
2467;
2426;
2400;
2411;
2471;
2523;
2552;
2555;
2526;
2476;
2426;
2394;
2416;
2450;
2526;
2566;
2572;
2542;
2459;
2404;
2386;
2427;
2489;
2547;
2559;
2544;
2498;
2440;
2416;
2414;
2462;
2514;
2544;
2552;
2506;
2470;
2442;
2416;
2440;
2496;
2514;
2541;
2526;
2484;
2455;
2442;
2444;
2472;
2503;
2524;
2519;
2502;
2478;
2456;
2452;
2452;
2484;
2516;
2518;
2512;
2487;
2451;
2444;
2464;
2488;
2512;
2522;
2506;
2478;
2454;
2451;
2470;
2491;
2514;
2515;
2496;
2475;
2450;
2464;
2472;
2490;
2498;
2487;
2492;
2492;
2484;
2484;
2484;
2466;
2463;
2471;
2504;
2510;
2518;
2502;
2466;
2460;
2448;
2470;
2494;
2510;
2508;
2499;
2478;
2480;
2468;
2478;
2468;
2472;
2484;
2498;
2511;
2510;
2489;
2464;
2455;
2450;
2478;
2509;
2524;
2516;
2480;
2460;
2443;
2458;
2480;
2515;
2520;
2507;
2490;
2462;
2446;
2463;
2482;
2491;
2504;
2515;
2492;
2474;
2471;
2478;
2482;
2491;
2500;
2483;
2476;
2474;
2478;
2494;
2508;
2496;
2476;
2470;
2456;
2482;
2480;
2506;
2506;
2491;
2483;
2472;
2466;
2474;
2488;
2492;
2492;
2498;
2488;
2490;
2491;
2484;
2459;
2456;
2468;
2490;
2515;
2516;
2494;
2470;
2454;
2451;
2466;
2491;
2522;
2534;
2515;
2464;
2436;
2438;
2450;
2498;
2535;
2543;
2523;
2480;
2444;
2416;
2424;
2474;
2529;
2556;
2538;
2498;
2434;
2406;
2410;
2467;
2520;
2558;
2556;
2500;
2444;
2416;
2412;
2448;
2511;
2540;
2550;
2515;
2460;
2426;
2408;
2450;
2494;
2532;
2540;
2524;
2488;
2436;
2416;
2428;
2466;
2523;
2546;
2539;
2496;
2442;
2411;
2425;
2467;
2527;
2553;
2532;
2482;
2432;
2424;
2443;
2487;
2522;
2541;
2520;
2480;
2442;
2438;
2458;
2486;
2514;
2521;
2516;
2484;
2464;
2442;
2448;
2466;
2503;
2526;
2528;
2507;
2467;
2444;
2439;
2456;
2496;
2522;
2526;
2520;
2488;
2456;
2427;
2440;
2476;
2502;
2524;
2519;
2518;
2483;
2448;
2439;
2450;
2460;
2511;
2536;
2539;
2507;
2468;
2439;
2432;
2456;
2486;
2524;
2540;
2526;
2498;
2444;
2419;
2423;
2455;
2516;
2548;
2555;
2516;
2464;
2426;
2407;
2438;
2492;
2546;
2551;
2530;
2486;
2432;
2410;
2430;
2480;
2518;
2541;
2526;
2502;
2460;
2444;
2438;
2458;
2484;
2516;
2536;
2520;
2504;
2464;
2434;
2440;
2465;
2502;
2528;
2538;
2518;
2476;
2446;
2427;
2439;
2492;
2520;
2538;
2530;
2492;
2458;
2428;
2428;
2447;
2506;
2539;
2534;
2507;
2476;
2443;
2436;
2441;
2484;
2522;
2540;
2523;
2488;
2446;
2432;
2440;
2476;
2518;
2531;
2524;
2483;
2444;
2432;
2448;
2482;
2510;
2523;
2522;
2494;
2456;
2442;
2442;
2478;
2514;
2544;
2519;
2488;
2450;
2437;
2462;
2488;
2512;
2530;
2504;
2475;
2458;
2452;
2475;
2492;
2515;
2514;
2492;
2484;
2483;
2476;
2478;
2466;
2467;
2480;
2499;
2520;
2518;
2498;
2464;
2434;
2437;
2464;
2511;
2536;
2544;
2516;
2467;
2419;
2406;
2436;
2492;
2545;
2568;
2530;
2484;
2427;
2394;
2422;
2463;
2530;
2571;
2568;
2528;
2460;
2380;
2380;
2407;
2495;
2579;
2631;
2580;
2508;
2386;
2338;
2342;
2425;
2583;
2640;
2671;
2550;
2394;
2312;
2274;
2388;
2546;
2654;
2700;
2608;
2432;
2344;
2257;
2362;
2492;
2608;
2684;
2592;
2522;
2390;
2322;
2350;
2426;
2534;
2604;
2616;
2559;
2470;
2392;
2354;
2378;
2460;
2545;
2599;
2602;
2546;
2458;
2366;
2379;
2406;
2494;
2570;
2582;
2578;
2474;
2448;
2428;
2420;
2448;
2490;
2498;
2519;
2516;
2538;
2518;
2483;
2451;
2406;
2387;
2456;
2519;
2578;
2603;
2542;
2483;
2392;
2366;
2386;
2458;
2534;
2594;
2585;
2554;
2490;
2376;
2380;
2343;
2442;
2543;
2594;
2632;
2573;
2484;
2367;
2326;
2338;
2463;
2559;
2656;
2650;
2559;
2443;
2303;
2302;
2347;
2492;
2620;
2687;
2664;
2530;
2388;
2258;
2276;
2356;
2550;
2687;
2716;
2644;
2468;
2316;
2212;
2291;
2435;
2639;
2704;
2716;
2576;
2384;
2280;
2219;
2354;
2495;
2678;
2740;
2687;
2512;
2328;
2214;
2222;
2396;
2579;
2772;
2742;
2656;
2400;
2232;
2201;
2289;
2522;
2676;
2775;
2680;
2506;
2312;
2226;
2259;
2402;
2602;
2687;
2738;
2604;
2438;
2303;
2240;
2324;
2452;
2663;
2706;
2696;
2532;
2376;
2276;
2236;
2407;
2540;
2670;
2703;
2622;
2444;
2308;
2256;
2342;
2492;
2606;
2722;
2602;
2504;
2396;
2284;
2379;
2406;
2547;
2596;
2598;
2572;
2466;
2426;
2358;
2397;
2431;
2535;
2575;
2588;
2546;
2456;
2410;
2352;
2438;
2484;
2589;
2559;
2544;
2466;
2428;
2430;
2444;
2520;
2482;
2540;
2456;
2482;
2484;
2475;
2535;
2484;
2508;
2406;
2427;
2448;
2495;
2571;
2542;
2547;
2432;
2407;
2396;
2428;
2503;
2540;
2559;
2528;
2487;
2428;
2429;
2416;
2444;
2490;
2518;
2571;
2558;
2500;
2458;
2378;
2379;
2452;
2508;
2623;
2572;
2551;
2432;
2346;
2415;
2403;
2570;
2568;
2580;
2520;
2426;
2450;
2390;
2499;
2478;
2526;
2510;
2471;
2536;
2464;
2518;
2452;
2450;
2451;
2444;
2504;
2531;
2567;
2538;
2475;
2427;
2388;
2387;
2474;
2520;
2588;
2590;
2518;
2464;
2352;
2390;
2400;
2503;
2592;
2603;
2596;
2448;
2408;
2333;
2367;
2479;
2586;
2652;
2578;
2496;
2364;
2331;
2367;
2521;
2615;
2642;
2558;
2426;
2331;
2330;
2455;
2579;
2679;
2618;
2508;
2344;
2282;
2362;
2467;
2659;
2668;
2616;
2464;
2314;
2280;
2337;
2515;
2632;
2711;
2620;
2482;
2312;
2247;
2347;
2463;
2651;
2708;
2666;
2508;
2321;
2250;
2272;
2426;
2623;
2747;
2720;
2576;
2352;
2204;
2206;
2379;
2601;
2776;
2787;
2608;
2376;
2160;
2175;
2346;
2591;
2794;
2774;
2634;
2367;
2220;
2214;
2342;
2559;
2706;
2750;
2608;
2432;
2274;
2254;
2353;
2504;
2662;
2696;
2623;
2472;
2328;
2280;
2344;
2467;
2631;
2676;
2632;
2512;
2352;
2300;
2303;
2443;
2586;
2663;
2672;
2540;
2412;
2288;
2287;
2367;
2535;
2658;
2681;
2598;
2438;
2328;
2288;
2367;
2515;
2622;
2655;
2584;
2475;
2380;
2338;
2380;
2487;
2575;
2604;
2570;
2496;
2422;
2378;
2417;
2463;
2535;
2570;
2552;
2506;
2426;
2400;
2407;
2468;
2539;
2564;
2559;
2480;
2426;
2392;
2412;
2484;
2540;
2570;
2547;
2480;
2402;
2402;
2427;
2503;
2550;
2559;
2515;
2448;
2414;
2407;
2454;
2518;
2550;
2546;
2502;
2464;
2427;
2404;
2443;
2500;
2532;
2571;
2546;
2512;
2432;
2376;
2385;
2415;
2532;
2619;
2646;
2568;
2434;
2316;
2283;
2363;
2535;
2678;
2706;
2634;
2418;
2272;
2238;
2339;
2533;
2682;
2734;
2632;
2441;
2296;
2246;
2319;
2487;
2623;
2687;
2658;
2528;
2392;
2280;
2283;
2367;
2511;
2647;
2708;
2664;
2506;
2346;
2224;
2256;
2387;
2594;
2754;
2766;
2640;
2408;
2210;
2167;
2303;
2511;
2725;
2800;
2708;
2504;
2282;
2210;
2246;
2436;
2611;
2720;
2706;
2580;
2444;
2316;
2302;
2343;
2463;
2571;
2644;
2648;
2570;
2460;
2367;
2318;
2341;
2451;
2554;
2636;
2630;
2570;
2454;
2347;
2358;
2384;
2490;
2570;
2598;
2555;
2494;
2451;
2434;
2440;
2455;
2488;
2479;
2492;
2514;
2528;
2534;
2516;
2466;
2410;
2375;
2411;
2495;
2576;
2636;
2586;
2480;
2388;
2336;
2376;
2465;
2558;
2623;
2596;
2532;
2442;
2376;
2375;
2414;
2471;
2526;
2580;
2594;
2574;
2492;
2422;
2343;
2320;
2417;
2530;
2644;
2674;
2610;
2456;
2324;
2274;
2325;
2479;
2615;
2707;
2654;
2531;
2380;
2280;
2303;
2388;
2527;
2616;
2652;
2612;
2510;
2390;
2330;
2326;
2410;
2519;
2614;
2656;
2600;
2508;
2372;
2303;
2320;
2425;
2554;
2643;
2666;
2568;
2440;
2336;
2303;
2367;
2486;
2596;
2652;
2606;
2516;
2422;
2333;
2351;
2406;
2512;
2586;
2614;
2600;
2500;
2414;
2352;
2358;
2408;
2500;
2602;
2630;
2595;
2508;
2392;
2327;
2335;
2418;
2532;
2608;
2646;
2584;
2466;
2378;
2318;
2357;
2450;
2551;
2623;
2616;
2572;
2476;
2367;
2336;
2350;
2444;
2551;
2639;
2652;
2576;
2464;
2340;
2283;
2330;
2458;
2600;
2687;
2676;
2559;
2394;
2280;
2259;
2367;
2523;
2662;
2724;
2640;
2496;
2332;
2250;
2302;
2430;
2599;
2687;
2686;
2582;
2426;
2302;
2275;
2344;
2487;
2618;
2695;
2664;
2524;
2392;
2276;
2283;
2385;
2530;
2654;
2674;
2611;
2472;
2336;
2298;
2343;
2470;
2586;
2644;
2616;
2518;
2424;
2348;
2352;
2426;
2509;
2575;
2584;
2559;
2483;
2408;
2402;
2419;
2464;
2523;
2543;
2523;
2487;
2452;
2446;
2460;
2504;
2507;
2502;
2475;
2444;
2446;
2469;
2522;
2547;
2536;
2494;
2436;
2411;
2398;
2460;
2535;
2580;
2598;
2538;
2446;
2378;
2332;
2407;
2487;
2587;
2662;
2612;
2512;
2365;
2294;
2311;
2419;
2591;
2687;
2686;
2580;
2392;
2260;
2253;
2367;
2543;
2675;
2716;
2623;
2432;
2303;
2256;
2332;
2484;
2638;
2687;
2634;
2516;
2376;
2302;
2323;
2408;
2539;
2623;
2646;
2584;
2464;
2374;
2324;
2364;
2463;
2575;
2636;
2614;
2536;
2426;
2346;
2350;
2414;
2515;
2602;
2616;
2570;
2470;
2386;
2367;
2409;
2482;
2552;
2576;
2548;
2488;
2436;
2418;
2434;
2476;
2504;
2508;
2502;
2494;
2492;
2491;
2486;
2468;
2451;
2438;
2464;
2504;
2526;
2552;
2504;
2468;
2426;
2412;
2448;
2491;
2540;
2542;
2523;
2498;
2460;
2442;
2434;
2446;
2481;
2512;
2551;
2559;
2528;
2467;
2400;
2367;
2406;
2504;
2600;
2623;
2574;
2457;
2352;
2331;
2400;
2523;
2616;
2646;
2570;
2442;
2358;
2341;
2419;
2504;
2588;
2614;
2558;
2480;
2410;
2374;
2412;
2458;
2516;
2567;
2566;
2558;
2476;
2414;
2380;
2383;
2474;
2542;
2610;
2595;
2522;
2420;
2344;
2362;
2444;
2567;
2623;
2608;
2506;
2394;
2336;
2375;
2471;
2575;
2620;
2576;
2492;
2400;
2384;
2394;
2463;
2546;
2559;
2568;
2500;
2474;
2432;
2395;
2430;
2444;
2520;
2572;
2592;
2555;
2456;
2388;
2343;
2383;
2486;
2595;
2643;
2618;
2506;
2376;
2303;
2335;
2447;
2567;
2659;
2632;
2546;
2416;
2330;
2338;
2410;
2523;
2598;
2623;
2578;
2492;
2411;
2356;
2376;
2438;
2530;
2582;
2603;
2564;
2496;
2406;
2366;
2375;
2444;
2528;
2588;
2618;
2556;
2485;
2395;
2344;
2392;
2453;
2559;
2611;
2594;
2528;
2424;
2362;
2367;
2423;
2500;
2576;
2583;
2547;
2484;
2430;
2402;
2434;
2471;
2500;
2529;
2519;
2518;
2484;
2475;
2466;
2442;
2464;
2474;
2504;
2514;
2500;
2510;
2472;
2474;
2462;
2462;
2485;
2480;
2498;
2496;
2495;
2510;
2496;
2484;
2462;
2442;
2448;
2458;
2502;
2535;
2546;
2538;
2481;
2433;
2398;
2406;
2462;
2543;
2600;
2576;
2526;
2436;
2364;
2364;
2421;
2512;
2592;
2613;
2582;
2480;
2392;
2350;
2367;
2455;
2550;
2618;
2614;
2534;
2446;
2356;
2343;
2406;
2500;
2599;
2622;
2582;
2492;
2400;
2356;
2367;
2456;
2548;
2602;
2598;
2522;
2438;
2374;
2366;
2436;
2524;
2578;
2582;
2528;
2454;
2404;
2400;
2442;
2502;
2542;
2539;
2510;
2468;
2456;
2464;
2474;
2492;
2487;
2480;
2479;
2482;
2507;
2504;
2508;
2488;
2458;
2446;
2440;
2470;
2508;
2539;
2538;
2508;
2470;
2422;
2406;
2422;
2484;
2550;
2585;
2559;
2488;
2408;
2366;
2385;
2470;
2559;
2619;
2603;
2512;
2395;
2332;
2339;
2443;
2567;
2660;
2652;
2544;
2412;
2303;
2302;
2394;
2538;
2662;
2666;
2592;
2442;
2323;
2288;
2361;
2503;
2623;
2680;
2618;
2488;
2360;
2291;
2325;
2454;
2575;
2672;
2646;
2540;
2410;
2292;
2320;
2402;
2534;
2639;
2642;
2576;
2443;
2346;
2323;
2379;
2487;
2595;
2623;
2606;
2504;
2400;
2346;
2355;
2447;
2536;
2610;
2606;
2534;
2440;
2379;
2378;
2423;
2514;
2567;
2572;
2526;
2456;
2434;
2422;
2455;
2498;
2518;
2511;
2485;
2468;
2467;
2484;
2508;
2512;
2471;
2450;
2444;
2470;
2512;
2536;
2542;
2512;
2464;
2414;
2410;
2443;
2506;
2551;
2558;
2538;
2468;
2416;
2387;
2410;
2486;
2546;
2582;
2559;
2499;
2427;
2382;
2400;
2452;
2539;
2584;
2588;
2518;
2427;
2367;
2383;
2447;
2542;
2594;
2572;
2504;
2426;
2374;
2396;
2479;
2540;
2572;
2552;
2482;
2440;
2414;
2435;
2487;
2525;
2538;
2515;
2501;
2470;
2458;
2454;
2467;
2487;
2495;
2518;
2510;
2503;
2470;
2456;
2458;
2480;
2510;
2516;
2502;
2481;
2458;
2450;
2485;
2502;
2518;
2504;
2475;
2467;
2448;
2476;
2506;
2514;
2510;
2482;
2460;
2466;
2472;
2508;
2518;
2493;
2466;
2446;
2456;
2502;
2522;
2514;
2502;
2464;
2448;
2451;
2480;
2511;
2523;
2514;
2490;
2474;
2452;
2463;
2466;
2499;
2505;
2516;
2507;
2492;
2471;
2462;
2448;
2456;
2468;
2494;
2534;
2531;
2516;
2464;
2426;
2406;
2436;
2503;
2550;
2574;
2540;
2474;
2412;
2384;
2407;
2471;
2550;
2594;
2570;
2515;
2438;
2387;
2380;
2419;
2494;
2559;
2588;
2564;
2504;
2424;
2367;
2378;
2441;
2527;
2594;
2594;
2559;
2472;
2390;
2365;
2392;
2461;
2536;
2591;
2596;
2538;
2468;
2388;
2356;
2388;
2452;
2554;
2607;
2600;
2538;
2424;
2348;
2357;
2414;
2516;
2594;
2611;
2559;
2464;
2400;
2367;
2403;
2469;
2537;
2570;
2566;
2515;
2460;
2424;
2407;
2433;
2478;
2518;
2554;
2528;
2506;
2467;
2446;
2442;
2443;
2480;
2502;
2510;
2522;
2507;
2484;
2486;
2452;
2451;
2456;
2474;
2499;
2515;
2532;
2520;
2500;
2464;
2416;
2406;
2430;
2484;
2558;
2586;
2569;
2490;
2400;
2348;
2384;
2467;
2572;
2623;
2600;
2512;
2403;
2327;
2358;
2447;
2546;
2623;
2622;
2552;
2438;
2347;
2338;
2391;
2514;
2611;
2636;
2592;
2486;
2367;
2318;
2360;
2460;
2578;
2650;
2619;
2523;
2406;
2327;
2330;
2427;
2539;
2636;
2658;
2559;
2434;
2338;
2316;
2383;
2511;
2619;
2652;
2580;
2468;
2360;
2323;
2387;
2486;
2591;
2631;
2580;
2488;
2384;
2354;
2399;
2479;
2559;
2596;
2568;
2504;
2422;
2378;
2410;
2462;
2547;
2559;
2546;
2492;
2438;
2416;
2423;
2478;
2523;
2539;
2512;
2476;
2444;
2460;
2474;
2497;
2519;
2487;
2473;
2468;
2475;
2494;
2508;
2508;
2478;
2464;
2452;
2466;
2491;
2508;
2516;
2506;
2490;
2462;
2468;
2456;
2464;
2504;
2500;
2516;
2502;
2468;
2450;
2446;
2459;
2495;
2524;
2535;
2512;
2476;
2441;
2430;
2448;
2494;
2528;
2542;
2516;
2465;
2450;
2418;
2443;
2493;
2532;
2548;
2526;
2478;
2442;
2410;
2428;
2472;
2530;
2558;
2538;
2500;
2443;
2406;
2405;
2450;
2512;
2556;
2558;
2524;
2464;
2416;
2399;
2428;
2480;
2536;
2567;
2551;
2489;
2440;
2402;
2400;
2455;
2523;
2557;
2566;
2536;
2468;
2416;
2379;
2411;
2469;
2554;
2588;
2571;
2514;
2422;
2367;
2376;
2435;
2519;
2594;
2602;
2559;
2464;
2382;
2354;
2390;
2475;
2559;
2606;
2590;
2516;
2424;
2367;
2359;
2430;
2519;
2599;
2612;
2559;
2456;
2378;
2348;
2392;
2487;
2582;
2620;
2590;
2496;
2405;
2354;
2366;
2445;
2543;
2613;
2606;
2544;
2451;
2367;
2347;
2396;
2486;
2579;
2623;
2584;
2500;
2390;
2333;
2356;
2458;
2572;
2623;
2610;
2528;
2426;
2352;
2344;
2419;
2519;
2595;
2615;
2559;
2470;
2387;
2356;
2395;
2476;
2553;
2602;
2584;
2520;
2427;
2367;
2374;
2430;
2503;
2576;
2592;
2558;
2488;
2416;
2379;
2382;
2440;
2524;
2582;
2603;
2552;
2464;
2392;
2360;
2396;
2468;
2566;
2607;
2582;
2522;
2428;
2367;
2367;
2422;
2494;
2568;
2604;
2572;
2498;
2416;
2360;
2367;
2436;
2519;
2594;
2604;
2559;
2467;
2390;
2363;
2396;
2467;
2554;
2610;
2600;
2522;
2422;
2367;
2360;
2422;
2511;
2592;
2614;
2559;
2476;
2388;
2356;
2387;
2471;
2556;
2600;
2582;
2510;
2426;
2376;
2383;
2442;
2527;
2577;
2576;
2536;
2464;
2414;
2394;
2427;
2475;
2531;
2546;
2540;
2508;
2464;
2434;
2428;
2441;
2486;
2518;
2538;
2523;
2500;
2464;
2432;
2427;
2460;
2494;
2532;
2540;
2520;
2472;
2440;
2440;
2462;
2487;
2514;
2522;
2513;
2488;
2474;
2468;
2455;
2452;
2460;
2482;
2512;
2535;
2522;
2491;
2446;
2420;
2422;
2467;
2532;
2552;
2535;
2482;
2428;
2410;
2430;
2484;
2531;
2550;
2528;
2483;
2443;
2427;
2431;
2483;
2519;
2532;
2528;
2491;
2452;
2442;
2443;
2470;
2496;
2530;
2516;
2504;
2472;
2456;
2448;
2476;
2488;
2506;
2511;
2496;
2487;
2466;
2467;
2480;
2494;
2504;
2486;
2487;
2475;
2474;
2464;
2484;
2499;
2502;
2502;
2484;
2484;
2468;
2475;
2484;
2488;
2492;
2486;
2486;
2490;
2488;
2480;
2485;
2453;
2466;
2483;
2488;
2508;
2502;
2491;
2464;
2440;
2456;
2486;
2516;
2516;
2508;
2482;
2464;
2438;
2450;
2478;
2504;
2519;
2523;
2518;
2478;
2457;
2454;
2450;
2467;
2498;
2519;
2530;
2523;
2491;
2450;
2416;
2420;
2466;
2498;
2551;
2559;
2518;
2454;
2402;
2398;
2439;
2519;
2567;
2566;
2524;
2452;
2410;
2394;
2438;
2493;
2555;
2556;
2529;
2476;
2427;
2421;
2418;
2466;
2519;
2544;
2546;
2526;
2482;
2432;
2415;
2412;
2466;
2518;
2577;
2576;
2534;
2464;
2390;
2381;
2414;
2494;
2580;
2603;
2559;
2472;
2394;
2356;
2421;
2499;
2592;
2602;
2540;
2464;
2379;
2376;
2429;
2518;
2576;
2587;
2530;
2448;
2409;
2406;
2450;
2488;
2542;
2540;
2530;
2503;
2454;
2430;
2406;
2443;
2486;
2531;
2564;
2566;
2516;
2438;
2400;
2376;
2442;
2530;
2595;
2588;
2528;
2440;
2380;
2375;
2444;
2528;
2588;
2578;
2524;
2440;
2392;
2400;
2452;
2511;
2553;
2559;
2502;
2473;
2407;
2427;
2462;
2490;
2552;
2531;
2508;
2475;
2432;
2428;
2463;
2454;
2559;
2503;
2528;
2500;
2387;
2476;
2414;
2502;
2539;
2512;
2553;
2460;
2424;
2451;
2420;
2502;
2542;
2506;
2548;
2428;
2449;
2454;
2440;
2530;
2488;
2538;
2502;
2480;
2467;
2432;
2468;
2464;
2516;
2532;
2514;
2512;
2454;
2435;
2435;
2444;
2519;
2520;
2539;
2536;
2459;
2468;
2404;
2427;
2472;
2483;
2538;
2528;
2502;
2518;
2432;
2456;
2452;
2452;
2502;
2498;
2527;
2531;
2524;
2452;
2474;
2388;
2446;
2475;
2484;
2591;
2528;
2524;
2460;
2403;
2391;
2456;
2480;
2572;
2571;
2514;
2528;
2367;
2455;
2412;
2448;
2570;
2522;
2559;
2504;
2459;
2448;
2426;
2409;
2485;
2490;
2546;
2566;
2502;
2512;
2418;
2411;
2406;
2450;
2524;
2548;
2572;
2523;
2500;
2412;
2408;
2406;
2447;
2524;
2539;
2559;
2526;
2500;
2432;
2417;
2384;
2444;
2488;
2528;
2600;
2538;
2530;
2454;
2388;
2395;
2380;
2478;
2531;
2586;
2615;
2559;
2459;
2384;
2330;
2353;
2458;
2555;
2662;
2644;
2566;
2424;
2290;
2280;
2376;
2511;
2659;
2696;
2623;
2488;
2332;
2274;
2327;
2435;
2615;
2679;
2654;
2558;
2396;
2302;
2291;
2367;
2522;
2622;
2658;
2612;
2474;
2382;
2328;
2343;
2439;
2536;
2615;
2620;
2550;
2486;
2384;
2359;
2386;
2460;
2547;
2584;
2587;
2523;
2460;
2412;
2416;
2445;
2483;
2514;
2515;
2510;
2499;
2503;
2492;
2475;
2440;
2430;
2435;
2482;
2548;
2574;
2559;
2483;
2394;
2362;
2395;
2486;
2586;
2623;
2576;
2482;
2367;
2342;
2376;
2484;
2591;
2632;
2586;
2480;
2386;
2336;
2386;
2466;
2579;
2620;
2586;
2528;
2408;
2379;
2367;
2430;
2519;
2567;
2608;
2548;
2480;
2412;
2366;
2395;
2470;
2553;
2607;
2586;
2504;
2392;
2337;
2378;
2468;
2590;
2639;
2596;
2484;
2367;
2334;
2390;
2491;
2591;
2635;
2578;
2480;
2373;
2348;
2389;
2484;
2571;
2608;
2576;
2486;
2410;
2365;
2403;
2468;
2537;
2568;
2568;
2516;
2443;
2412;
2412;
2447;
2503;
2554;
2540;
2530;
2468;
2450;
2424;
2427;
2490;
2498;
2551;
2528;
2510;
2482;
2436;
2432;
2440;
2472;
2530;
2540;
2542;
2524;
2450;
2439;
2412;
2434;
2494;
2520;
2566;
2534;
2511;
2446;
2411;
2415;
2443;
2511;
2547;
2568;
2530;
2487;
2432;
2416;
2416;
2447;
2519;
2546;
2556;
2535;
2490;
2424;
2402;
2410;
2462;
2524;
2550;
2559;
2514;
2480;
2412;
2402;
2430;
2467;
2536;
2550;
2550;
2496;
2456;
2434;
2420;
2444;
2491;
2519;
2542;
2528;
2502;
2487;
2448;
2443;
2444;
2456;
2499;
2524;
2548;
2542;
2506;
2444;
2393;
2378;
2416;
2510;
2586;
2620;
2590;
2476;
2356;
2312;
2358;
2478;
2598;
2678;
2640;
2512;
2363;
2268;
2295;
2423;
2575;
2711;
2680;
2582;
2418;
2280;
2271;
2343;
2513;
2659;
2722;
2667;
2488;
2324;
2240;
2286;
2436;
2618;
2735;
2710;
2558;
2367;
2246;
2251;
2391;
2567;
2711;
2704;
2592;
2402;
2292;
2286;
2367;
2530;
2623;
2654;
2584;
2460;
2372;
2328;
2376;
2479;
2568;
2610;
2579;
2492;
2435;
2392;
2402;
2452;
2513;
2547;
2548;
2514;
2474;
2432;
2424;
2449;
2492;
2536;
2542;
2514;
2483;
2448;
2430;
2442;
2484;
2520;
2534;
2520;
2486;
2444;
2430;
2441;
2471;
2522;
2526;
2518;
2472;
2451;
2454;
2450;
2494;
2512;
2512;
2504;
2465;
2466;
2462;
2479;
2511;
2489;
2491;
2464;
2459;
2488;
2487;
2519;
2506;
2474;
2458;
2458;
2482;
2487;
2508;
2522;
2504;
2489;
2467;
2438;
2436;
2460;
2498;
2539;
2555;
2550;
2486;
2414;
2367;
2391;
2462;
2554;
2622;
2608;
2520;
2408;
2314;
2334;
2435;
2559;
2642;
2640;
2556;
2414;
2322;
2322;
2395;
2523;
2623;
2650;
2588;
2480;
2372;
2311;
2363;
2459;
2570;
2644;
2622;
2544;
2424;
2342;
2340;
2404;
2506;
2603;
2630;
2580;
2482;
2374;
2346;
2378;
2471;
2556;
2610;
2592;
2514;
2428;
2367;
2395;
2446;
2528;
2571;
2559;
2520;
2440;
2420;
2433;
2470;
2519;
2526;
2514;
2480;
2456;
2462;
2478;
2496;
2511;
2489;
2484;
2456;
2448;
2467;
2498;
2527;
2524;
2508;
2456;
2424;
2408;
2451;
2520;
2546;
2559;
2518;
2444;
2402;
2396;
2443;
2526;
2570;
2578;
2518;
2442;
2396;
2396;
2458;
2542;
2559;
2558;
2494;
2438;
2400;
2398;
2486;
2535;
2559;
2558;
2482;
2410;
2367;
2411;
2503;
2576;
2606;
2559;
2444;
2367;
2344;
2404;
2526;
2607;
2638;
2570;
2448;
2344;
2303;
2367;
2510;
2631;
2674;
2615;
2466;
2338;
2274;
2330;
2482;
2614;
2711;
2662;
2514;
2352;
2256;
2286;
2415;
2583;
2702;
2700;
2576;
2420;
2272;
2264;
2355;
2519;
2664;
2706;
2650;
2468;
2315;
2252;
2303;
2459;
2620;
2711;
2687;
2532;
2376;
2262;
2278;
2401;
2551;
2675;
2679;
2586;
2464;
2316;
2286;
2359;
2474;
2615;
2676;
2623;
2514;
2367;
2314;
2334;
2438;
2578;
2636;
2623;
2534;
2416;
2350;
2355;
2426;
2538;
2595;
2608;
2536;
2452;
2386;
2365;
2436;
2498;
2556;
2566;
2535;
2480;
2428;
2411;
2420;
2467;
2523;
2540;
2528;
2499;
2448;
2443;
2462;
2467;
2498;
2494;
2508;
2494;
2494;
2491;
2471;
2471;
2464;
2466;
2488;
2498;
2510;
2521;
2512;
2474;
2452;
2438;
2464;
2483;
2515;
2542;
2524;
2506;
2448;
2416;
2423;
2452;
2512;
2548;
2554;
2520;
2464;
2408;
2391;
2411;
2486;
2558;
2584;
2570;
2497;
2427;
2367;
2379;
2455;
2531;
2592;
2604;
2530;
2448;
2398;
2367;
2415;
2487;
2559;
2592;
2568;
2506;
2420;
2367;
2392;
2435;
2519;
2559;
2584;
2554;
2480;
2411;
2367;
2399;
2468;
2539;
2572;
2566;
2520;
2448;
2414;
2405;
2438;
2487;
2538;
2552;
2535;
2487;
2465;
2440;
2444;
2464;
2482;
2509;
2508;
2517;
2512;
2482;
2467;
2443;
2443;
2463;
2492;
2520;
2538;
2516;
2499;
2448;
2419;
2431;
2444;
2501;
2538;
2548;
2536;
2476;
2441;
2413;
2418;
2464;
2511;
2557;
2559;
2522;
2464;
2412;
2392;
2422;
2490;
2559;
2576;
2558;
2490;
2416;
2387;
2398;
2462;
2543;
2575;
2584;
2512;
2446;
2388;
2382;
2442;
2508;
2566;
2592;
2540;
2472;
2404;
2367;
2407;
2460;
2559;
2598;
2572;
2508;
2419;
2374;
2376;
2440;
2532;
2583;
2593;
2532;
2448;
2384;
2367;
2415;
2508;
2574;
2588;
2550;
2476;
2416;
2382;
2422;
2478;
2535;
2559;
2550;
2508;
2448;
2426;
2424;
2444;
2492;
2516;
2527;
2520;
2496;
2478;
2452;
2440;
2460;
2471;
2502;
2518;
2512;
2515;
2494;
2476;
2444;
2432;
2457;
2475;
2508;
2524;
2532;
2503;
2458;
2439;
2432;
2448;
2485;
2524;
2532;
2526;
2504;
2467;
2436;
2428;
2446;
2476;
2531;
2546;
2534;
2504;
2450;
2427;
2412;
2457;
2506;
2535;
2534;
2503;
2464;
2439;
2446;
2471;
2502;
2508;
2502;
2474;
2480;
2480;
2488;
2500;
2474;
2472;
2440;
2456;
2492;
2518;
2540;
2515;
2488;
2438;
2410;
2427;
2482;
2526;
2546;
2534;
2500;
2456;
2424;
2440;
2444;
2503;
2538;
2542;
2531;
2480;
2450;
2424;
2434;
2464;
2516;
2547;
2546;
2516;
2460;
2436;
2406;
2432;
2487;
2538;
2552;
2544;
2488;
2434;
2427;
2417;
2466;
2491;
2532;
2542;
2512;
2484;
2434;
2438;
2442;
2479;
2515;
2518;
2514;
2499;
2466;
2458;
2448;
2474;
2503;
2507;
2522;
2490;
2470;
2464;
2464;
2490;
2492;
2506;
2503;
2486;
2474;
2458;
2464;
2482;
2506;
2516;
2511;
2492;
2454;
2438;
2452;
2476;
2524;
2542;
2522;
2484;
2440;
2415;
2426;
2462;
2539;
2554;
2544;
2483;
2426;
2407;
2407;
2471;
2536;
2558;
2546;
2490;
2440;
2406;
2408;
2463;
2524;
2559;
2559;
2506;
2448;
2408;
2400;
2451;
2507;
2556;
2568;
2530;
2462;
2412;
2387;
2428;
2502;
2566;
2588;
2532;
2470;
2400;
2380;
2434;
2503;
2558;
2574;
2536;
2462;
2406;
2404;
2440;
2502;
2548;
2544;
2512;
2470;
2438;
2442;
2451;
2482;
2510;
2532;
2524;
2498;
2456;
2442;
2448;
2474;
2506;
2516;
2528;
2498;
2456;
2449;
2444;
2476;
2507;
2521;
2514;
2496;
2462;
2450;
2464;
2489;
2517;
2512;
2492;
2475;
2460;
2467;
2483;
2504;
2514;
2502;
2480;
2458;
2456;
2476;
2503;
2510;
2514;
2496;
2482;
2470;
2462;
2458;
2473;
2492;
2512;
2520;
2504;
2490;
2460;
2443;
2442;
2464;
2508;
2531;
2536;
2512;
2466;
2427;
2412;
2445;
2506;
2543;
2554;
2520;
2467;
2432;
2418;
2447;
2486;
2524;
2543;
2532;
2507;
2450;
2424;
2420;
2443;
2503;
2547;
2567;
2546;
2472;
2412;
2376;
2400;
2476;
2551;
2588;
2580;
2502;
2403;
2362;
2387;
2463;
2546;
2599;
2582;
2508;
2428;
2378;
2367;
2444;
2528;
2571;
2588;
2528;
2456;
2414;
2388;
2422;
2489;
2542;
2574;
2554;
2494;
2432;
2398;
2410;
2461;
2526;
2567;
2554;
2514;
2460;
2426;
2403;
2437;
2499;
2539;
2551;
2531;
2482;
2442;
2439;
2442;
2473;
2503;
2518;
2514;
2504;
2491;
2475;
2448;
2439;
2467;
2498;
2528;
2536;
2518;
2472;
2438;
2425;
2439;
2491;
2528;
2544;
2532;
2483;
2451;
2434;
2451;
2482;
2515;
2518;
2515;
2493;
2464;
2456;
2446;
2468;
2484;
2512;
2526;
2524;
2496;
2454;
2434;
2438;
2467;
2512;
2546;
2546;
2516;
2452;
2417;
2420;
2463;
2508;
2551;
2542;
2503;
2448;
2428;
2426;
2456;
2504;
2526;
2528;
2502;
2471;
2467;
2456;
2471;
2478;
2470;
2478;
2491;
2515;
2518;
2510;
2478;
2450;
2432;
2445;
2487;
2527;
2540;
2528;
2486;
2448;
2422;
2427;
2460;
2518;
2546;
2544;
2522;
2476;
2428;
2410;
2419;
2463;
2527;
2570;
2576;
2532;
2452;
2388;
2363;
2419;
2499;
2568;
2604;
2567;
2488;
2416;
2366;
2383;
2444;
2518;
2574;
2586;
2552;
2464;
2406;
2367;
2398;
2468;
2538;
2583;
2576;
2528;
2440;
2395;
2380;
2423;
2494;
2572;
2582;
2556;
2490;
2418;
2376;
2376;
2447;
2543;
2599;
2600;
2536;
2432;
2355;
2346;
2427;
2515;
2610;
2642;
2570;
2456;
2352;
2328;
2384;
2507;
2599;
2648;
2583;
2475;
2374;
2330;
2375;
2478;
2586;
2641;
2594;
2496;
2396;
2347;
2367;
2451;
2550;
2611;
2590;
2520;
2434;
2376;
2379;
2431;
2508;
2568;
2580;
2551;
2470;
2424;
2386;
2405;
2467;
2540;
2567;
2568;
2512;
2458;
2416;
2410;
2454;
2491;
2526;
2530;
2512;
2498;
2471;
2459;
2462;
2463;
2466;
2480;
2504;
2532;
2526;
2510;
2472;
2432;
2418;
2441;
2483;
2539;
2555;
2542;
2504;
2442;
2408;
2408;
2454;
2518;
2547;
2559;
2530;
2467;
2428;
2402;
2428;
2480;
2519;
2547;
2531;
2506;
2461;
2444;
2447;
2458;
2479;
2494;
2520;
2530;
2528;
2491;
2456;
2436;
2430;
2452;
2506;
2536;
2540;
2528;
2474;
2448;
2421;
2433;
2474;
2519;
2546;
2530;
2504;
2460;
2428;
2430;
2451;
2494;
2526;
2534;
2526;
2484;
2450;
2425;
2423;
2468;
2507;
2517;
2528;
2510;
2472;
2450;
2444;
2454;
2480;
2512;
2532;
2529;
2494;
2461;
2438;
2438;
2471;
2487;
2522;
2528;
2512;
2483;
2451;
2452;
2462;
2487;
2518;
2508;
2503;
2492;
2464;
2472;
2468;
2469;
2482;
2490;
2502;
2504;
2491;
2478;
2451;
2458;
2467;
2491;
2512;
2513;
2510;
2486;
2448;
2435;
2444;
2482;
2522;
2530;
2518;
2484;
2450;
2435;
2450;
2481;
2516;
2528;
2516;
2492;
2460;
2450;
2450;
2479;
2507;
2514;
2504;
2494;
2476;
2468;
2463;
2464;
2475;
2490;
2507;
2495;
2502;
2484;
2463;
2460;
2472;
2484;
2506;
2507;
2490;
2491;
2468;
2466;
2468;
2479;
2498;
2503;
2487;
2480;
2478;
2474;
2474;
2471;
2482;
2480;
2498;
2498;
2488;
2482;
2474;
2470;
2474;
2486;
2495;
2507;
2498;
2494;
2480;
2464;
2474;
2468;
2492;
2495;
2512;
2508;
2492;
2474;
2466;
2460;
2464;
2483;
2511;
2528;
2514;
2482;
2454;
2448;
2452;
2478;
2511;
2514;
2498;
2486;
2470;
2467;
2467;
2468;
2488;
2496;
2494;
2504;
2494;
2479;
2476;
2464;
2462;
2464;
2494;
2510;
2509;
2498;
2472;
2450;
2448;
2464;
2494;
2517;
2512;
2515;
2476;
2460;
2454;
2450;
2484;
2502;
2528;
2526;
2492;
2472;
2450;
2439;
2466;
2493;
2526;
2526;
2526;
2485;
2451;
2434;
2434;
2476;
2511;
2550;
2538;
2506;
2450;
2416;
2400;
2451;
2507;
2567;
2582;
2524;
2456;
2382;
2386;
2427;
2500;
2568;
2591;
2550;
2467;
2402;
2367;
2403;
2487;
2567;
2602;
2574;
2486;
2410;
2363;
2398;
2476;
2548;
2584;
2574;
2508;
2432;
2387;
2400;
2455;
2524;
2571;
2554;
2519;
2462;
2432;
2420;
2442;
2475;
2506;
2523;
2524;
2512;
2480;
2447;
2434;
2450;
2468;
2508;
2531;
2528;
2514;
2458;
2438;
2432;
2453;
2495;
2522;
2536;
2506;
2476;
2452;
2450;
2459;
2492;
2508;
2516;
2502;
2488;
2467;
2464;
2467;
2468;
2489;
2499;
2506;
2512;
2496;
2476;
2460;
2459;
2462;
2494;
2531;
2524;
2512;
2478;
2444;
2430;
2439;
2490;
2535;
2548;
2522;
2486;
2444;
2426;
2427;
2471;
2523;
2541;
2532;
2496;
2458;
2420;
2422;
2458;
2513;
2540;
2543;
2516;
2468;
2419;
2415;
2446;
2492;
2548;
2539;
2522;
2474;
2432;
2440;
2451;
2480;
2516;
2522;
2524;
2494;
2464;
2454;
2451;
2472;
2490;
2512;
2524;
2510;
2476;
2462;
2451;
2468;
2488;
2512;
2515;
2494;
2466;
2460;
2468;
2484;
2506;
2503;
2486;
2470;
2454;
2460;
2487;
2507;
2523;
2506;
2480;
2455;
2432;
2458;
2499;
2528;
2536;
2520;
2469;
2433;
2422;
2442;
2487;
2535;
2544;
2528;
2490;
2432;
2417;
2427;
2468;
2523;
2546;
2549;
2519;
2464;
2424;
2403;
2419;
2471;
2543;
2579;
2576;
2514;
2432;
2380;
2365;
2438;
2522;
2590;
2616;
2556;
2460;
2367;
2346;
2391;
2485;
2575;
2622;
2584;
2512;
2410;
2344;
2358;
2423;
2530;
2612;
2622;
2568;
2466;
2366;
2334;
2375;
2471;
2583;
2640;
2630;
2524;
2414;
2332;
2324;
2406;
2514;
2623;
2650;
2596;
2488;
2376;
2316;
2349;
2447;
2572;
2654;
2636;
2566;
2432;
2332;
2308;
2379;
2502;
2616;
2667;
2612;
2504;
2376;
2303;
2326;
2431;
2547;
2643;
2652;
2559;
2444;
2338;
2311;
2375;
2484;
2595;
2654;
2616;
2524;
2402;
2324;
2342;
2411;
2527;
2620;
2632;
2582;
2472;
2367;
2334;
2360;
2466;
2578;
2631;
2615;
2520;
2416;
2346;
2359;
2427;
2512;
2594;
2604;
2559;
2465;
2396;
2367;
2395;
2466;
2543;
2582;
2571;
2518;
2442;
2412;
2400;
2431;
2488;
2528;
2548;
2535;
2500;
2446;
2426;
2418;
2444;
2494;
2516;
2539;
2522;
2507;
2454;
2434;
2427;
2452;
2484;
2539;
2534;
2524;
2492;
2428;
2440;
2422;
2474;
2514;
2524;
2540;
2500;
2472;
2459;
2430;
2463;
2491;
2490;
2542;
2496;
2506;
2480;
2443;
2473;
2442;
2491;
2514;
2505;
2516;
2467;
2464;
2451;
2450;
2484;
2506;
2517;
2516;
2480;
2472;
2440;
2459;
2478;
2490;
2521;
2494;
2508;
2471;
2454;
2470;
2448;
2495;
2491;
2506;
2520;
2498;
2494;
2472;
2444;
2455;
2452;
2495;
2531;
2552;
2526;
2500;
2414;
2410;
2423;
2470;
2555;
2548;
2552;
2490;
2432;
2410;
2416;
2444;
2538;
2540;
2542;
2535;
2444;
2478;
2392;
2438;
2483;
2498;
2559;
2542;
2526;
2466;
2418;
2387;
2430;
2467;
2552;
2572;
2552;
2514;
2408;
2403;
2382;
2449;
2518;
2579;
2592;
2538;
2480;
2378;
2393;
2396;
2490;
2559;
2574;
2582;
2496;
2440;
2379;
2407;
2444;
2540;
2559;
2576;
2535;
2444;
2426;
2381;
2446;
2498;
2556;
2582;
2536;
2470;
2410;
2398;
2422;
2515;
2532;
2586;
2544;
2454;
2420;
2364;
2446;
2480;
2567;
2596;
2556;
2472;
2386;
2381;
2395;
2500;
2559;
2615;
2559;
2474;
2400;
2344;
2396;
2470;
2580;
2606;
2604;
2492;
2412;
2352;
2354;
2461;
2527;
2614;
2600;
2555;
2468;
2380;
2346;
2378;
2468;
2559;
2651;
2600;
2558;
2412;
2325;
2334;
2367;
2522;
2606;
2670;
2609;
2488;
2362;
2296;
2331;
2440;
2587;
2648;
2656;
2548;
2428;
2320;
2296;
2367;
2483;
2623;
2663;
2631;
2512;
2394;
2303;
2311;
2418;
2506;
2644;
2654;
2612;
2496;
2360;
2303;
2318;
2444;
2574;
2664;
2652;
2576;
2432;
2331;
2303;
2355;
2512;
2591;
2668;
2600;
2506;
2402;
2328;
2367;
2423;
2522;
2595;
2610;
2559;
2482;
2400;
2364;
2380;
2443;
2531;
2576;
2600;
2552;
2480;
2400;
2366;
2388;
2454;
2547;
2591;
2592;
2524;
2451;
2392;
2367;
2420;
2487;
2556;
2586;
2558;
2510;
2432;
2398;
2406;
2439;
2516;
2538;
2558;
2542;
2480;
2454;
2414;
2408;
2452;
2504;
2558;
2555;
2530;
2484;
2426;
2407;
2418;
2462;
2530;
2557;
2556;
2516;
2456;
2411;
2391;
2442;
2500;
2544;
2559;
2534;
2488;
2420;
2404;
2411;
2467;
2527;
2567;
2552;
2496;
2454;
2402;
2422;
2443;
2502;
2528;
2540;
2532;
2484;
2452;
2420;
2434;
2460;
2503;
2527;
2520;
2521;
2472;
2459;
2436;
2444;
2467;
2498;
2525;
2521;
2518;
2487;
2457;
2454;
2460;
2471;
2482;
2500;
2514;
2510;
2494;
2480;
2470;
2470;
2456;
2471;
2486;
2506;
2532;
2508;
2506;
2464;
2442;
2448;
2450;
2488;
2518;
2540;
2532;
2498;
2464;
2436;
2430;
2440;
2503;
2531;
2550;
2515;
2482;
2449;
2410;
2435;
2454;
2516;
2551;
2541;
2502;
2460;
2432;
2418;
2454;
2488;
2532;
2539;
2539;
2500;
2448;
2416;
2417;
2452;
2512;
2555;
2558;
2520;
2464;
2424;
2404;
2435;
2482;
2544;
2574;
2554;
2506;
2426;
2409;
2408;
2448;
2530;
2548;
2572;
2520;
2464;
2426;
2389;
2434;
2494;
2538;
2559;
2526;
2482;
2448;
2424;
2432;
2468;
2500;
2522;
2530;
2508;
2476;
2450;
2446;
2466;
2472;
2503;
2528;
2516;
2502;
2470;
2451;
2451;
2460;
2496;
2520;
2510;
2504;
2468;
2462;
2464;
2471;
2496;
2494;
2498;
2482;
2482;
2479;
2478;
2492;
2486;
2496;
2476;
2472;
2480;
2486;
2512;
2500;
2481;
2482;
2458;
2470;
2483;
2492;
2511;
2496;
2484;
2482;
2470;
2478;
2480;
2496;
2495;
2476;
2470;
2464;
2482;
2512;
2510;
2510;
2470;
2444;
2430;
2443;
2492;
2540;
2554;
2528;
2480;
2408;
2376;
2422;
2491;
2555;
2588;
2550;
2484;
2410;
2367;
2410;
2452;
2543;
2583;
2582;
2542;
2456;
2390;
2374;
2410;
2491;
2559;
2603;
2587;
2507;
2412;
2358;
2376;
2447;
2547;
2606;
2597;
2539;
2440;
2376;
2364;
2420;
2516;
2572;
2606;
2556;
2460;
2400;
2367;
2410;
2479;
2554;
2586;
2552;
2492;
2426;
2396;
2415;
2455;
2524;
2554;
2540;
2500;
2448;
2428;
2426;
2463;
2504;
2516;
2540;
2504;
2474;
2448;
2432;
2460;
2482;
2528;
2522;
2504;
2480;
2441;
2435;
2460;
2494;
2523;
2539;
2504;
2482;
2438;
2442;
2466;
2498;
2535;
2540;
2508;
2468;
2446;
2428;
2458;
2503;
2535;
2555;
2504;
2468;
2420;
2411;
2444;
2500;
2551;
2550;
2522;
2472;
2424;
2404;
2442;
2483;
2548;
2550;
2523;
2488;
2416;
2412;
2420;
2467;
2536;
2549;
2551;
2491;
2440;
2404;
2394;
2447;
2520;
2556;
2568;
2526;
2468;
2412;
2384;
2430;
2478;
2551;
2570;
2559;
2496;
2432;
2397;
2392;
2460;
2519;
2570;
2584;
2526;
2466;
2402;
2391;
2420;
2479;
2559;
2578;
2548;
2506;
2426;
2394;
2415;
2446;
2522;
2550;
2555;
2531;
2468;
2432;
2398;
2420;
2471;
2526;
2550;
2556;
2514;
2470;
2418;
2396;
2415;
2460;
2536;
2575;
2578;
2518;
2442;
2396;
2378;
2435;
2500;
2580;
2596;
2556;
2484;
2400;
2376;
2392;
2471;
2550;
2580;
2576;
2512;
2435;
2402;
2411;
2448;
2502;
2540;
2559;
2536;
2488;
2443;
2417;
2434;
2466;
2506;
2543;
2541;
2532;
2470;
2443;
2416;
2433;
2475;
2524;
2558;
2542;
2502;
2452;
2419;
2415;
2450;
2492;
2550;
2550;
2528;
2476;
2432;
2429;
2415;
2476;
2524;
2544;
2537;
2490;
2452;
2416;
2412;
2453;
2514;
2535;
2543;
2524;
2470;
2444;
2411;
2430;
2474;
2530;
2554;
2540;
2488;
2448;
2411;
2423;
2469;
2516;
2559;
2540;
2504;
2448;
2400;
2419;
2455;
2520;
2540;
2540;
2514;
2464;
2432;
2424;
2446;
2488;
2530;
2534;
2516;
2483;
2456;
2438;
2454;
2476;
2508;
2516;
2509;
2502;
2466;
2460;
2460;
2467;
2498;
2486;
2502;
2494;
2488;
2500;
2478;
2477;
2467;
2475;
2484;
2491;
2491;
2502;
2500;
2490;
2470;
2459;
2466;
2466;
2484;
2516;
2526;
2515;
2487;
2455;
2428;
2442;
2474;
2530;
2549;
2528;
2503;
2440;
2414;
2419;
2459;
2512;
2544;
2544;
2526;
2454;
2427;
2406;
2428;
2491;
2529;
2558;
2532;
2492;
2448;
2410;
2418;
2440;
2506;
2544;
2550;
2532;
2476;
2428;
2398;
2415;
2475;
2524;
2571;
2566;
2520;
2454;
2390;
2389;
2438;
2512;
2559;
2574;
2552;
2475;
2418;
2390;
2408;
2470;
2540;
2582;
2587;
2516;
2454;
2392;
2367;
2431;
2504;
2588;
2603;
2559;
2472;
2384;
2360;
2408;
2480;
2559;
2591;
2576;
2502;
2420;
2384;
2390;
2455;
2542;
2582;
2571;
2508;
2448;
2408;
2422;
2455;
2512;
2542;
2537;
2512;
2466;
2438;
2435;
2454;
2498;
2519;
2519;
2506;
2474;
2462;
2452;
2464;
2494;
2503;
2511;
2504;
2471;
2460;
2462;
2479;
2512;
2503;
2486;
2474;
2462;
2458;
2475;
2499;
2514;
2511;
2490;
2462;
2446;
2460;
2480;
2511;
2532;
2508;
2492;
2456;
2440;
2452;
2476;
2515;
2524;
2516;
2490;
2468;
2442;
2448;
2474;
2500;
2522;
2516;
2503;
2472;
2454;
2456;
2468;
2498;
2514;
2522;
2506;
2480;
2450;
2438;
2456;
2491;
2526;
2532;
2524;
2477;
2439;
2432;
2446;
2490;
2528;
2546;
2522;
2478;
2440;
2426;
2435;
2484;
2528;
2544;
2526;
2486;
2448;
2416;
2439;
2472;
2516;
2534;
2522;
2512;
2462;
2432;
2439;
2458;
2494;
2523;
2534;
2516;
2478;
2444;
2440;
2439;
2491;
2510;
2535;
2531;
2502;
2464;
2434;
2435;
2460;
2504;
2524;
2530;
2508;
2478;
2458;
2452;
2464;
2486;
2502;
2508;
2510;
2488;
2480;
2458;
2466;
2482;
2482;
2494;
2495;
2506;
2486;
2476;
2476;
2467;
2476;
2487;
2498;
2493;
2495;
2490;
2480;
2478;
2473;
2475;
2481;
2488;
2491;
2503;
2483;
2490;
2472;
2468;
2465;
2458;
2491;
2518;
2526;
2508;
2480;
2446;
2423;
2442;
2483;
2528;
2539;
2528;
2480;
2435;
2408;
2434;
2484;
2527;
2552;
2530;
2484;
2444;
2426;
2424;
2460;
2508;
2532;
2532;
2506;
2481;
2434;
2423;
2430;
2471;
2523;
2542;
2548;
2492;
2446;
2422;
2422;
2452;
2510;
2544;
2532;
2520;
2471;
2438;
2424;
2439;
2480;
2517;
2534;
2525;
2506;
2470;
2448;
2424;
2440;
2480;
2512;
2530;
2520;
2520;
2464;
2432;
2426;
2435;
2483;
2530;
2556;
2531;
2495;
2438;
2414;
2411;
2450;
2530;
2554;
2566;
2504;
2450;
2404;
2406;
2455;
2509;
2559;
2546;
2512;
2456;
2426;
2413;
2436;
2495;
2534;
2558;
2522;
2492;
2443;
2428;
2438;
2471;
2508;
2525;
2527;
2490;
2479;
2444;
2444;
2472;
2496;
2519;
2511;
2494;
2475;
2467;
2465;
2479;
2498;
2492;
2482;
2475;
2482;
2478;
2503;
2500;
2488;
2474;
2467;
2463;
2468;
2499;
2504;
2520;
2496;
2462;
2448;
2430;
2476;
2495;
2527;
2524;
2504;
2464;
2432;
2448;
2471;
2510;
2516;
2534;
2506;
2474;
2456;
2448;
2466;
2482;
2507;
2510;
2519;
2494;
2470;
2448;
2448;
2458;
2486;
2518;
2520;
2522;
2492;
2462;
2450;
2454;
2468;
2496;
2516;
2516;
2507;
2483;
2459;
2448;
2454;
2468;
2492;
2528;
2522;
2505;
2478;
2454;
2450;
2455;
2496;
2519;
2520;
2512;
2484;
2461;
2440;
2448;
2482;
2510;
2520;
2528;
2500;
2467;
2444;
2435;
2446;
2494;
2528;
2544;
2514;
2480;
2438;
2424;
2423;
2483;
2530;
2559;
2543;
2484;
2432;
2411;
2421;
2463;
2530;
2569;
2548;
2498;
2444;
2424;
2419;
2459;
2501;
2540;
2528;
2519;
2466;
2444;
2453;
2468;
2496;
2502;
2506;
2491;
2477;
2475;
2472;
2478;
2480;
2476;
2483;
2476;
2481;
2494;
2512;
2510;
2506;
2475;
2439;
2438;
2460;
2487;
2540;
2548;
2530;
2488;
2424;
2389;
2411;
2468;
2540;
2568;
2570;
2514;
2416;
2378;
2390;
2434;
2529;
2577;
2588;
2532;
2448;
2408;
2367;
2415;
2479;
2559;
2583;
2564;
2502;
2412;
2374;
2380;
2467;
2548;
2579;
2568;
2500;
2445;
2390;
2410;
2471;
2523;
2550;
2540;
2494;
2454;
2435;
2450;
2487;
2512;
2518;
2490;
2475;
2456;
2460;
2486;
2501;
2511;
2502;
2486;
2458;
2446;
2454;
2486;
2520;
2532;
2525;
2492;
2454;
2428;
2427;
2460;
2511;
2547;
2542;
2506;
2458;
2418;
2412;
2450;
2506;
2548;
2548;
2528;
2472;
2421;
2411;
2426;
2470;
2527;
2544;
2540;
2499;
2448;
2429;
2410;
2442;
2498;
2535;
2540;
2524;
2484;
2443;
2418;
2420;
2471;
2520;
2544;
2534;
2506;
2456;
2436;
2426;
2455;
2504;
2523;
2531;
2510;
2482;
2453;
2446;
2466;
2468;
2500;
2511;
2504;
2495;
2480;
2462;
2468;
2468;
2472;
2493;
2506;
2518;
2496;
2476;
2450;
2450;
2463;
2486;
2512;
2526;
2502;
2475;
2456;
2446;
2462;
2488;
2527;
2522;
2500;
2472;
2446;
2448;
2460;
2488;
2516;
2514;
2502;
2480;
2458;
2452;
2462;
2488;
2512;
2516;
2508;
2488;
2464;
2442;
2450;
2472;
2507;
2517;
2526;
2508;
2464;
2435;
2434;
2470;
2510;
2538;
2532;
2507;
2462;
2423;
2423;
2465;
2511;
2544;
2543;
2508;
2448;
2414;
2423;
2463;
2520;
2550;
2534;
2493;
2448;
2416;
2427;
2464;
2516;
2539;
2531;
2506;
2454;
2426;
2427;
2460;
2512;
2536;
2539;
2506;
2468;
2434;
2432;
2464;
2490;
2523;
2535;
2520;
2488;
2451;
2435;
2450;
2471;
2507;
2523;
2516;
2492;
2464;
2452;
2456;
2470;
2487;
2512;
2512;
2502;
2483;
2459;
2462;
2460;
2479;
2494;
2500;
2508;
2486;
2474;
2470;
2480;
2480;
2484;
2480;
2486;
2474;
2480;
2496;
2495;
2496;
2479;
2472;
2459;
2463;
2484;
2498;
2514;
2516;
2496;
2472;
2446;
2447;
2460;
2491;
2516;
2536;
2524;
2491;
2448;
2427;
2430;
2462;
2507;
2543;
2544;
2508;
2471;
2436;
2426;
2454;
2490;
2520;
2532;
2528;
2488;
2458;
2436;
2446;
2472;
2500;
2523;
2534;
2508;
2471;
2450;
2436;
2458;
2490;
2518;
2532;
2506;
2472;
2452;
2439;
2460;
2490;
2518;
2514;
2516;
2472;
2448;
2448;
2468;
2504;
2526;
2528;
2491;
2455;
2434;
2446;
2478;
2512;
2539;
2535;
2482;
2448;
2426;
2426;
2472;
2516;
2532;
2538;
2500;
2466;
2428;
2419;
2443;
2491;
2534;
2548;
2532;
2490;
2436;
2407;
2420;
2471;
2524;
2566;
2555;
2519;
2442;
2414;
2412;
2451;
2519;
2558;
2551;
2514;
2464;
2426;
2412;
2445;
2499;
2526;
2536;
2520;
2475;
2453;
2448;
2468;
2487;
2510;
2516;
2500;
2472;
2468;
2466;
2468;
2483;
2500;
2501;
2491;
2466;
2470;
2462;
2486;
2491;
2504;
2499;
2476;
2455;
2454;
2478;
2503;
2519;
2508;
2490;
2468;
2448;
2467;
2466;
2500;
2519;
2518;
2508;
2468;
2450;
2440;
2466;
2486;
2506;
2523;
2516;
2486;
2456;
2448;
2460;
2479;
2504;
2527;
2522;
2486;
2465;
2452;
2456;
2474;
2503;
2524;
2512;
2484;
2476;
2464;
2460;
2488;
2496;
2500;
2500;
2485;
2486;
2478;
2476;
2475;
2478;
2468;
2494;
2500;
2498;
2488;
2468;
2476;
2472;
2478;
2492;
2506;
2514;
2492;
2461;
2462;
2470;
2487;
2498;
2514;
2520;
2492;
2475;
2470;
2456;
2454;
2488;
2512;
2512;
2504;
2486;
2459;
2459;
2460;
2486;
2504;
2523;
2518;
2494;
2470;
2433;
2434;
2451;
2502;
2530;
2536;
2516;
2468;
2428;
2416;
2436;
2491;
2535;
2566;
2538;
2486;
2432;
2413;
2414;
2471;
2525;
2558;
2565;
2508;
