0;
2814;
4095;
4095;
760;
2208;
3143;
4095;
3536;
1184;
2646;
4095;
3810;
752;
2420;
3476;
4095;
3296;
2272;
3328;
4095;
3536;
1784;
3172;
4095;
3826;
762;
2532;
3656;
4095;
3344;
2496;
3518;
4095;
3472;
1088;
3031;
3707;
4032;
3264;
2688;
3624;
4095;
3408;
1920;
3358;
4095;
3648;
832;
2914;
4095;
3904;
3248;
2848;
3672;
4095;
3328;
1632;
3280;
4095;
3776;
766;
2764;
3640;
4052;
3248;
2368;
3524;
4095;
3440;
1600;
3199;
4095;
3600;
766;
2695;
3576;
4016;
3168;
2240;
3392;
4095;
3312;
1144;
2971;
4095;
3672;
767;
2504;
3488;
3984;
3088;
2080;
3282;
4095;
3232;
1008;
2818;
4095;
3616;
2928;
2528;
3324;
3956;
3008;
1984;
3152;
4095;
3184;
888;
2708;
4095;
3472;
760;
2282;
3216;
4022;
2944;
1536;
2922;
4095;
3192;
816;
2564;
4095;
3552;
2832;
2416;
3168;
3920;
2912;
1776;
2960;
4095;
3152;
767;
2492;
4095;
3584;
2816;
2240;
3104;
4068;
2960;
1600;
2880;
4095;
3120;
766;
2512;
4095;
3584;
2816;
2296;
3112;
4048;
2944;
1216;
2762;
4095;
3280;
766;
2442;
4095;
3584;
2816;
2256;
3104;
4056;
2944;
1552;
2866;
4095;
3200;
762;
2338;
3184;
3760;
2848;
2112;
3056;
4095;
2976;
1278;
2784;
4095;
3216;
767;
2491;
3767;
3648;
2816;
2080;
3056;
4095;
3008;
1144;
2736;
4095;
3360;
762;
2306;
3232;
3680;
2848;
2288;
3096;
4095;
2960;
1216;
2768;
4095;
3264;
760;
2312;
3184;
3864;
2880;
1920;
2992;
4095;
3008;
1278;
2784;
4095;
3264;
766;
2416;
4095;
3624;
2832;
2048;
3056;
4095;
3072;
976;
2651;
4095;
3344;
762;
2312;
3176;
3744;
2848;
2208;
3072;
4036;
2944;
1264;
2778;
4095;
3360;
767;
2288;
3168;
3808;
2864;
1856;
2978;
4095;
3040;
1344;
2784;
4095;
3192;
766;
2408;
3280;
3700;
2832;
2080;
3056;
4095;
3040;
832;
2579;
4095;
3392;
766;
2344;
3272;
3688;
2848;
2112;
3058;
4080;
2960;
1408;
2826;
4095;
3328;
2768;
2432;
3176;
3858;
2880;
1952;
3008;
4095;
3024;
1136;
2726;
4095;
3216;
767;
2480;
3320;
3696;
2816;
1904;
2994;
4095;
3072;
880;
2608;
4095;
3456;
766;
2248;
3526;
3664;
2848;
2240;
3088;
4095;
2960;
1144;
2732;
4095;
3312;
2784;
2384;
3168;
3984;
2912;
1808;
2946;
4095;
3008;
1184;
2752;
4095;
3264;
762;
2424;
4095;
3616;
2816;
1776;
2984;
4095;
3136;
832;
2572;
4095;
3376;
767;
2242;
3264;
3728;
2856;
2240;
3120;
3972;
2912;
1080;
2716;
4095;
3424;
2688;
2432;
3200;
3936;
2896;
1616;
2904;
4095;
3056;
1360;
2800;
4095;
3136;
760;
2400;
3602;
3664;
2832;
1952;
3040;
4095;
3120;
766;
2470;
4095;
3416;
762;
2336;
3930;
3648;
2832;
2160;
3120;
3972;
2944;
1472;
2866;
4095;
3400;
2752;
2288;
3186;
3880;
2912;
1856;
2992;
4095;
3024;
1248;
2770;
4095;
3120;
880;
2592;
4078;
3616;
2800;
1776;
2994;
4095;
3072;
767;
2504;
4095;
3456;
766;
2296;
4095;
3504;
2064;
2320;
3200;
3946;
2896;
1328;
2820;
4095;
3264;
2784;
2160;
3144;
4000;
2944;
1808;
2992;
4090;
2976;
1328;
2812;
4095;
3152;
832;
2564;
4095;
3408;
2800;
1600;
2936;
4095;
3152;
832;
2552;
4095;
3344;
766;
2274;
4095;
3584;
766;
2168;
3298;
3712;
2848;
1184;
2762;
4095;
3392;
2784;
2240;
3160;
4010;
2944;
1568;
2904;
4095;
3008;
1648;
2912;
4095;
3024;
816;
2540;
4095;
3440;
2816;
1760;
2964;
4095;
3200;
762;
2438;
4095;
3360;
762;
2360;
4095;
3504;
1728;
2240;
3668;
3688;
2880;
1856;
2946;
4095;
3456;
2752;
2080;
3120;
3864;
2928;
1808;
2970;
4094;
2992;
1536;
2882;
4095;
3008;
1272;
2768;
4095;
3360;
2768;
1536;
2896;
4095;
3120;
766;
2352;
4095;
3424;
762;
2392;
4095;
3296;
766;
2364;
4095;
3584;
2832;
1920;
2992;
4095;
3216;
2752;
1856;
3034;
3970;
2976;
1824;
2984;
3984;
2944;
1536;
2868;
4095;
3024;
1344;
2756;
4095;
3024;
2832;
1216;
2806;
4095;
3200;
816;
2500;
4095;
3264;
766;
2370;
4095;
3376;
767;
2356;
4095;
3312;
2800;
1656;
2848;
4084;
3392;
2784;
1784;
2968;
4070;
3008;
1552;
2880;
3912;
2960;
1936;
3008;
3904;
2944;
1248;
2722;
4095;
3120;
1888;
1520;
2744;
4095;
3296;
767;
2364;
4095;
3296;
766;
2346;
4095;
3360;
767;
2240;
4095;
3280;
767;
2576;
3072;
3322;
3840;
2624;
1520;
3054;
3866;
2960;
1648;
2864;
3958;
2976;
1776;
3140;
3856;
1440;
1760;
3884;
3616;
2976;
1792;
960;
2530;
4095;
3360;
766;
2176;
4095;
3376;
767;
2400;
4095;
3136;
767;
2512;
4095;
3232;
1008;
2200;
3072;
2640;
4066;
3136;
1088;
2706;
3952;
3008;
1728;
3324;
3860;
1888;
1632;
3535;
3792;
1664;
1920;
3567;
2592;
2288;
3816;
1824;
2208;
4018;
3376;
1216;
2336;
4095;
3248;
766;
2400;
4095;
3208;
832;
2529;
4024;
2208;
2480;
3144;
2256;
2128;
3048;
3264;
1952;
2944;
4012;
2288;
1600;
3767;
3704;
1344;
1952;
3730;
3592;
1952;
2192;
3216;
2640;
2080;
2864;
2752;
2128;
3472;
3504;
1016;
2408;
4095;
3232;
816;
2394;
4095;
3168;
1274;
2854;
4032;
1728;
1856;
3260;
2704;
2528;
3216;
2112;
1520;
3276;
3940;
2048;
1504;
3158;
3792;
1888;
2032;
3828;
3320;
1184;
2424;
3624;
2784;
2336;
2464;
2112;
2464;
3728;
3600;
1184;
2016;
3940;
3296;
1648;
2816;
3584;
1920;
1648;
3364;
3888;
2032;
1776;
2800;
2752;
2624;
3344;
2432;
1536;
2896;
3964;
2240;
1920;
3224;
3456;
1776;
2144;
3692;
3312;
1600;
2432;
3232;
2368;
2640;
3088;
2240;
2160;
3112;
2848;
2096;
2608;
3472;
2448;
1424;
2784;
4095;
2240;
1744;
2856;
2944;
2272;
2832;
3024;
2296;
2160;
2848;
2976;
2416;
2784;
2976;
1904;
2112;
3708;
3640;
1568;
2000;
3104;
2880;
2528;
2768;
2720;
2160;
2400;
3232;
2808;
2240;
2736;
2704;
2048;
2856;
3504;
2296;
1680;
2728;
3384;
2544;
2112;
2864;
2848;
2192;
2624;
3168;
2432;
2384;
2864;
2552;
2336;
2976;
3008;
2240;
2112;
2984;
2928;
2256;
2544;
3152;
2432;
2048;
2784;
3104;
2544;
2544;
2656;
2368;
2544;
3232;
2848;
2016;
2240;
3128;
2736;
2368;
2848;
2816;
2048;
2368;
3264;
3008;
2112;
2240;
2704;
2736;
2848;
2976;
2336;
2032;
2704;
3184;
2592;
2368;
2680;
2672;
2296;
2784;
3152;
2464;
2096;
2704;
2912;
2592;
2704;
2752;
2336;
2496;
2960;
2848;
2296;
2528;
2928;
2592;
2296;
2880;
2976;
2336;
2336;
2832;
2672;
2552;
2752;
2808;
2400;
2368;
2800;
2864;
2496;
2704;
2704;
2256;
2512;
3192;
2752;
2240;
2384;
2800;
2752;
2736;
2752;
2544;
2240;
2624;
3104;
2752;
2336;
2552;
2552;
2552;
2944;
2976;
2296;
2144;
2672;
3040;
2688;
2496;
2624;
2552;
2432;
2928;
2912;
2400;
2368;
2752;
2672;
2680;
2784;
2656;
2368;
2544;
2880;
2808;
2416;
2592;
2784;
2552;
2512;
2864;
2720;
2496;
2592;
2736;
2544;
2656;
2816;
2736;
2352;
2512;
2808;
2736;
2552;
2784;
2624;
2336;
2608;
3016;
2704;
2432;
2464;
2672;
2704;
2848;
2752;
2464;
2296;
2720;
2944;
2704;
2496;
2556;
2496;
2608;
2928;
2880;
2352;
2296;
2656;
2864;
2752;
2680;
2544;
2432;
2552;
2944;
2784;
2448;
2464;
2736;
2624;
2688;
2784;
2624;
2416;
2624;
2800;
2752;
2544;
2624;
2656;
2608;
2608;
2800;
2624;
2544;
2656;
2688;
2496;
2720;
2808;
2656;
2448;
2592;
2688;
2752;
2672;
2752;
2544;
2432;
2672;
2928;
2640;
2552;
2552;
2576;
2672;
2880;
2736;
2496;
2368;
2704;
2880;
2720;
2544;
2552;
2496;
2656;
2912;
2800;
2416;
2464;
2624;
2784;
2784;
2736;
2496;
2464;
2608;
2896;
2752;
2512;
2544;
2688;
2608;
2752;
2752;
2592;
2496;
2672;
2736;
2720;
2592;
2672;
2624;
2592;
2672;
2800;
2592;
2592;
2680;
2656;
2544;
2752;
2736;
2656;
2528;
2608;
2624;
2736;
2720;
2720;
2528;
2496;
2688;
2832;
2656;
2624;
2552;
2552;
2672;
2848;
2704;
2528;
2432;
2704;
2800;
2752;
2624;
2552;
2464;
2688;
2880;
2752;
2464;
2528;
2608;
2736;
2784;
2752;
2528;
2496;
2624;
2816;
2752;
2592;
2552;
2640;
2624;
2768;
2736;
2592;
2528;
2688;
2688;
2704;
2656;
2672;
2592;
2624;
2688;
2752;
2608;
2640;
2656;
2624;
2576;
2752;
2688;
2640;
2592;
2624;
2608;
2720;
2720;
2720;
2544;
2528;
2672;
2808;
2672;
2656;
2576;
2552;
2672;
2832;
2672;
2552;
2528;
2672;
2752;
2752;
2640;
2552;
2496;
2688;
2832;
2720;
2544;
2552;
2556;
2720;
2800;
2720;
2544;
2544;
2624;
2784;
2720;
2624;
2592;
2624;
2624;
2752;
2720;
2592;
2552;
2672;
2672;
2720;
2680;
2640;
2624;
2608;
2656;
2736;
2624;
2656;
2656;
2624;
2672;
2736;
2672;
2656;
2624;
2624;
2624;
2720;
2704;
2672;
2552;
2576;
2672;
2752;
2672;
2672;
2552;
2552;
2688;
2800;
2672;
2592;
2552;
2640;
2704;
2736;
2672;
2576;
2528;
2672;
2784;
2720;
2592;
2576;
2592;
2688;
2784;
2720;
2552;
2552;
2624;
2736;
2736;
2656;
2592;
2592;
2624;
2752;
2720;
2608;
2592;
2656;
2656;
2704;
2688;
2624;
2608;
2624;
2672;
2704;
2656;
2656;
2624;
2624;
2640;
2720;
2672;
2624;
2624;
2624;
2624;
2704;
2720;
2656;
2592;
2592;
2656;
2720;
2688;
2672;
2592;
2552;
2688;
2752;
2672;
2608;
2592;
2608;
2704;
2752;
2656;
2592;
2552;
2656;
2752;
2704;
2624;
2592;
2556;
2672;
2752;
2704;
2592;
2552;
2624;
2704;
2720;
2672;
2608;
2592;
2640;
2720;
2720;
2624;
2624;
2624;
2656;
2704;
2688;
2624;
2624;
2640;
2672;
2688;
2672;
2624;
2640;
2624;
2656;
2704;
2656;
2624;
2640;
2624;
2640;
2704;
2688;
2640;
2624;
2608;
2656;
2704;
2688;
2672;
2608;
2592;
2672;
2736;
2656;
2624;
2592;
2624;
2680;
2720;
2656;
2624;
2592;
2656;
2736;
2688;
2640;
2592;
2556;
2656;
2752;
2688;
2608;
2592;
2624;
2680;
2736;
2672;
2624;
2592;
2624;
2704;
2720;
2640;
2624;
2624;
2640;
2688;
2704;
2624;
2624;
2624;
2656;
2688;
2680;
2624;
2624;
2624;
2672;
2704;
2672;
2624;
2656;
2624;
2640;
2688;
2680;
2640;
2624;
2608;
2656;
2688;
2688;
2656;
2624;
2608;
2680;
2688;
2672;
2656;
2624;
2608;
2672;
2704;
2672;
2624;
2608;
2624;
2720;
2688;
2672;
2608;
2592;
2656;
2752;
2672;
2640;
2592;
2624;
2656;
2736;
2672;
2640;
2592;
2624;
2680;
2720;
2656;
2624;
2592;
2640;
2688;
2704;
2624;
2624;
2624;
2672;
2680;
2680;
2624;
2624;
2608;
2672;
2688;
2672;
2624;
2656;
2608;
2672;
2672;
2672;
2640;
2656;
2624;
2656;
2656;
2688;
2656;
2640;
2592;
2672;
2656;
2680;
2656;
2624;
2592;
2680;
2680;
2680;
2640;
2624;
2608;
2688;
2688;
2672;
2608;
2624;
2624;
2720;
2672;
2656;
2624;
2624;
2656;
2720;
2672;
2656;
2592;
2640;
2672;
2736;
2656;
2640;
2592;
2656;
2672;
2720;
2624;
2656;
2624;
2672;
2672;
2688;
2624;
2656;
2624;
2672;
2672;
2680;
2624;
2656;
2624;
2680;
2672;
2672;
2624;
2672;
2624;
2672;
2656;
2680;
2640;
2672;
2608;
2672;
2656;
2688;
2640;
2656;
2608;
2688;
2672;
2688;
2624;
2640;
2624;
2704;
2672;
2680;
2624;
2624;
2624;
2720;
2672;
2672;
2608;
2624;
2624;
2720;
2672;
2672;
2592;
2624;
2656;
2720;
2656;
2656;
2592;
2656;
2672;
2720;
2624;
2656;
2608;
2672;
2672;
2704;
2624;
2656;
2624;
2688;
2680;
2680;
2624;
2656;
2624;
2672;
2656;
2688;
2624;
2656;
2608;
2704;
2688;
2656;
2592;
2688;
2688;
2672;
2552;
2656;
2752;
2704;
2512;
2576;
2752;
2784;
2552;
2496;
2656;
2848;
2640;
2496;
2592;
2816;
2704;
2528;
2528;
2832;
2784;
2496;
2400;
2752;
2896;
2656;
2336;
2544;
2880;
2816;
2432;
2464;
2784;
2864;
2512;
2448;
2720;
2896;
2576;
2384;
2608;
2960;
2704;
2400;
2448;
2880;
2848;
2496;
2368;
2752;
2864;
2592;
2400;
2680;
2880;
2672;
2368;
2592;
2880;
2784;
2400;
2496;
2808;
2832;
2464;
2464;
2752;
2896;
2528;
2400;
2672;
2944;
2656;
2400;
2528;
2912;
2768;
2432;
2464;
2832;
2800;
2528;
2416;
2784;
2880;
2552;
2296;
2688;
2944;
2720;
2320;
2496;
2880;
2864;
2432;
2432;
2768;
2880;
2528;
2432;
2688;
2912;
2592;
2384;
2592;
2944;
2704;
2416;
2448;
2880;
2832;
2496;
2400;
2768;
2832;
2592;
2432;
2688;
2848;
2672;
2384;
2592;
2880;
2720;
2424;
2552;
2800;
2800;
2496;
2512;
2768;
2848;
2512;
2464;
2688;
2864;
2624;
2448;
2608;
2880;
2688;
2480;
2552;
2808;
2720;
2528;
2496;
2808;
2800;
2528;
2416;
2752;
2864;
2640;
2400;
2576;
2832;
2752;
2464;
2552;
2768;
2752;
2512;
2552;
2752;
2808;
2512;
2480;
2720;
2848;
2592;
2464;
2624;
2848;
2704;
2496;
2544;
2800;
2720;
2544;
2544;
2784;
2752;
2552;
2496;
2752;
2800;
2608;
2480;
2688;
2800;
2672;
2464;
2624;
2808;
2720;
2480;
2552;
2784;
2784;
2528;
2528;
2720;
2800;
2592;
2512;
2688;
2808;
2608;
2496;
2640;
2848;
2688;
2464;
2544;
2832;
2784;
2544;
2496;
2720;
2784;
2624;
2496;
2688;
2800;
2624;
2496;
2672;
2808;
2688;
2464;
2556;
2808;
2784;
2496;
2512;
2736;
2800;
2576;
2528;
2680;
2808;
2608;
2496;
2656;
2816;
2656;
2496;
2576;
2816;
2736;
2496;
2528;
2800;
2768;
2544;
2496;
2720;
2816;
2624;
2448;
2656;
2816;
2688;
2480;
2592;
2800;
2736;
2496;
2552;
2784;
2784;
2496;
2496;
2752;
2848;
2592;
2448;
2624;
2880;
2672;
2496;
2556;
2784;
2720;
2528;
2544;
2800;
2752;
2528;
2496;
2752;
2808;
2592;
2432;
2672;
2832;
2688;
2464;
2592;
2800;
2720;
2512;
2576;
2768;
2768;
2512;
2512;
2752;
2808;
2552;
2496;
2672;
2848;
2656;
2496;
2592;
2832;
2704;
2496;
2552;
2800;
2784;
2552;
2496;
2752;
2800;
2592;
2496;
2688;
2800;
2656;
2464;
2624;
2832;
2704;
2464;
2552;
2800;
2800;
2528;
2480;
2704;
2832;
2624;
2496;
2640;
2808;
2672;
2496;
2592;
2816;
2752;
2496;
2496;
2784;
2816;
2576;
2432;
2672;
2848;
2688;
2448;
2576;
2808;
2752;
2496;
2528;
2752;
2800;
2552;
2480;
2688;
2848;
2624;
2448;
2552;
2848;
2720;
2480;
2512;
2800;
2800;
2552;
2432;
2688;
2848;
2640;
2448;
2592;
2848;
2752;
2464;
2496;
2784;
2808;
2544;
2496;
2704;
2848;
2592;
2464;
2624;
2880;
2720;
2496;
2496;
2784;
2808;
2552;
2464;
2688;
2816;
2656;
2464;
2624;
2816;
2704;
2480;
2552;
2800;
2800;
2528;
2480;
2704;
2864;
2624;
2464;
2608;
2816;
2720;
2512;
2528;
2784;
2784;
2552;
2496;
2720;
2808;
2624;
2480;
2640;
2816;
2720;
2496;
2552;
2768;
2784;
2552;
2496;
2704;
2808;
2608;
2496;
2624;
2808;
2704;
2512;
2528;
2768;
2752;
2552;
2528;
2704;
2768;
2624;
2496;
2656;
2800;
2688;
2496;
2592;
2768;
2752;
2552;
2512;
2688;
2800;
2624;
2528;
2624;
2768;
2704;
2552;
2592;
2752;
2736;
2552;
2552;
2720;
2768;
2624;
2512;
2640;
2784;
2688;
2544;
2592;
2752;
2752;
2592;
2552;
2688;
2752;
2624;
2552;
2656;
2768;
2680;
2552;
2592;
2752;
2720;
2592;
2552;
2688;
2752;
2624;
2552;
2656;
2752;
2688;
2552;
2608;
2736;
2720;
2592;
2556;
2680;
2752;
2640;
2592;
2656;
2736;
2656;
2592;
2624;
2720;
2704;
2592;
2552;
2720;
2736;
2624;
2552;
2640;
2720;
2688;
2592;
2624;
2704;
2688;
2608;
2608;
2688;
2720;
2624;
2592;
2656;
2736;
2656;
2592;
2624;
2704;
2704;
2624;
2592;
2688;
2720;
2624;
2608;
2672;
2704;
2672;
2592;
2624;
2704;
2688;
2624;
2624;
2672;
2688;
2640;
2608;
2672;
2704;
2656;
2608;
2624;
2704;
2688;
2624;
2608;
2680;
2704;
2656;
2624;
2656;
2680;
2672;
2624;
2624;
2688;
2672;
2624;
2640;
2688;
2688;
2624;
2608;
2656;
2720;
2672;
2608;
2624;
2688;
2688;
2624;
2624;
2672;
2680;
2640;
2624;
2656;
2688;
2688;
2592;
2672;
2704;
2680;
2624;
2624;
2656;
2672;
2640;
2624;
2672;
2672;
2656;
2624;
2640;
2672;
2680;
2624;
2624;
2672;
2680;
2624;
2608;
2672;
2672;
2672;
2624;
2656;
2680;
2672;
2624;
2624;
2672;
2672;
2656;
2624;
2640;
2680;
2672;
2624;
2640;
2672;
2672;
2640;
2656;
2672;
2672;
2624;
2624;
2672;
2680;
2656;
2624;
2624;
2680;
2672;
2640;
2624;
2656;
2672;
2672;
2640;
2656;
2680;
2656;
2640;
2656;
2672;
2656;
2640;
2624;
2672;
2672;
2656;
2640;
2656;
2656;
2656;
2656;
2640;
2672;
2672;
2640;
2656;
2672;
2672;
2656;
2624;
2656;
2672;
2656;
2640;
2656;
2656;
2656;
2656;
2640;
2656;
2672;
2640;
2624;
2656;
2672;
2656;
2656;
2640;
2672;
2672;
2656;
2656;
2672;
2656;
2656;
2656;
2656;
2656;
2656;
2624;
2656;
2672;
2656;
2656;
2640;
2656;
2672;
2656;
2656;
2656;
2672;
2656;
2656;
2656;
2672;
2656;
2640;
2640;
2672;
2672;
2656;
2640;
2656;
2656;
2672;
2640;
2656;
2656;
2656;
2640;
2656;
2656;
2656;
2656;
2640;
2656;
2672;
2656;
2656;
2656;
2656;
2672;
2656;
2640;
2656;
2656;
2656;
2640;
2672;
2672;
2672;
2640;
2656;
2672;
2672;
2656;
2656;
2656;
2656;
2656;
2656;
2656;
2656;
2656;
2640;
2656;
2672;
2656;
2656;
2640;
2656;
2672;
2656;
2640;
2656;
2656;
2672;
2656;
2656;
2656;
2656;
2640;
2672;
2656;
2672;
2656;
2640;
2656;
2672;
2656;
2656;
2656;
2672;
2656;
2656;
2656;
2672;
2656;
2672;
2656;
2656;
2672;
2688;
2640;
2656;
2672;
2656;
2640;
2656;
2656;
2640;
2624;
2656;
2672;
2672;
2640;
2656;
2656;
2640;
2656;
2640;
2640;
2672;
2656;
2640;
2656;
2672;
2624;
2656;
2656;
2672;
2656;
2656;
2640;
2656;
2656;
2672;
2656;
2656;
2656;
2672;
2656;
2656;
2640;
2656;
2656;
2672;
2656;
2672;
2640;
2656;
2656;
2656;
2656;
2672;
2656;
2656;
2656;
2672;
2640;
2672;
2640;
2656;
2640;
2672;
2656;
2672;
2656;
2656;
2656;
2656;
2640;
2656;
2656;
2656;
2640;
2656;
2656;
2672;
2656;
2656;
2656;
2656;
2656;
2656;
2656;
2656;
2640;
2672;
2656;
2672;
2640;
2656;
2640;
2656;
2656;
2656;
2624;
2672;
2656;
2672;
2640;
2656;
2640;
2672;
2656;
2672;
2640;
2656;
2640;
2672;
2656;
2656;
2640;
2656;
2640;
2672;
2656;
2656;
2640;
2656;
2656;
2656;
2656;
2656;
2656;
2656;
2656;
2672;
2640;
2656;
2640;
2656;
2656;
2672;
2640;
2672;
2640;
2656;
2656;
2656;
2656;
2672;
2656;
2656;
2656;
2656;
2656;
2672;
2640;
2672;
2640;
2656;
2656;
2672;
2640;
2656;
2656;
2672;
2656;
2672;
2640;
2672;
2656;
2672;
2656;
2656;
2640;
2672;
2656;
2672;
2640;
2656;
2640;
2672;
2656;
2656;
2640;
2656;
2640;
2672;
2640;
2656;
2656;
2656;
2656;
2672;
2640;
2672;
2640;
2672;
2656;
2672;
2640;
2672;
2656;
2672;
2640;
2656;
2640;
2672;
2640;
2672;
2656;
2672;
2640;
2672;
2624;
2672;
2656;
2656;
2640;
2656;
2640;
2672;
2640;
2656;
2640;
2672;
2624;
2656;
2640;
2672;
2656;
2672;
2624;
2672;
2640;
2672;
2640;
2672;
2640;
2672;
2624;
2656;
2656;
2656;
2624;
2672;
2656;
2688;
2624;
2640;
2640;
2672;
2640;
2672;
2624;
2672;
2656;
2656;
2624;
2672;
2640;
2656;
2656;
2672;
2624;
2672;
2640;
2672;
2656;
2672;
2656;
2672;
2624;
2672;
2640;
2672;
2640;
2672;
2640;
2672;
2640;
2672;
2640;
2672;
2640;
2672;
2640;
2672;
2640;
2672;
2640;
2672;
2640;
2672;
2640;
2672;
2640;
2672;
2640;
2672;
2640;
2656;
2624;
2672;
2656;
2672;
2640;
2672;
2640;
2672;
2640;
2672;
2624;
2672;
2640;
2672;
2624;
2672;
2640;
2672;
2640;
2672;
2640;
2672;
2640;
2672;
2640;
2672;
2640;
2672;
2640;
2672;
2640;
2672;
2640;
2672;
2640;
2672;
2640;
2672;
2640;
2672;
2640;
2672;
2640;
2672;
2640;
2672;
2624;
2672;
2624;
2672;
2656;
2672;
2640;
2656;
2656;
2656;
2656;
2672;
2640;
2656;
2656;
2656;
2656;
2672;
2640;
2656;
2656;
2672;
2656;
2656;
2640;
2656;
2656;
2672;
2656;
2656;
2640;
2672;
2640;
2656;
2640;
2656;
2656;
2672;
2640;
2672;
2656;
2656;
2656;
2656;
2640;
2656;
2656;
2656;
2656;
2656;
2640;
2656;
2656;
2656;
2656;
2656;
2656;
2672;
2656;
2656;
2656;
2656;
2656;
2672;
2656;
2672;
2640;
2672;
2656;
2672;
2640;
2656;
2656;
2656;
2656;
2656;
2640;
2672;
2656;
2672;
2640;
2656;
2640;
2672;
2656;
2672;
2640;
2656;
2640;
2672;
2656;
2656;
2640;
2656;
2640;
2656;
2656;
2656;
2640;
2656;
2656;
2672;
2640;
2656;
2656;
2656;
2656;
2656;
2640;
2672;
2640;
2656;
2656;
2656;
2640;
2656;
2656;
2656;
2656;
2656;
2640;
2656;
2656;
2656;
2640;
2672;
2656;
2672;
2640;
2656;
2656;
2672;
2656;
2656;
2656;
2656;
2640;
2672;
2656;
2656;
2640;
2656;
2640;
2672;
2640;
2656;
2640;
2672;
2640;
2672;
2656;
2656;
2656;
2656;
2656;
2656;
2656;
2656;
2656;
2656;
2656;
2672;
2640;
2656;
2656;
2672;
2640;
2656;
2656;
2656;
2656;
2672;
2656;
2672;
2656;
2656;
2656;
2656;
2640;
2688;
2656;
2656;
2656;
2656;
2640;
2656;
2656;
2656;
2656;
2656;
2656;
2672;
2656;
2656;
2680;
2656;
2656;
2672;
2656;
2672;
2656;
2656;
2672;
2656;
2656;
2656;
2640;
2656;
2656;
2656;
2672;
2656;
2640;
2656;
2656;
2656;
2640;
2656;
2656;
2656;
2640;
2656;
2656;
2656;
2656;
2656;
2656;
2656;
2656;
2656;
2656;
2656;
2656;
2656;
2656;
2656;
2656;
2656;
2656;
2656;
2656;
2656;
2656;
2656;
2656;
2656;
2656;
2656;
2656;
2672;
2656;
2656;
2656;
2656;
2656;
2656;
2656;
2656;
2656;
2640;
2672;
2656;
2656;
2656;
2656;
2656;
2672;
2656;
2656;
2656;
2656;
2656;
2672;
2656;
2656;
2656;
2656;
2656;
2672;
2640;
2656;
2656;
2656;
2656;
2656;
2656;
2656;
2656;
2656;
2656;
2656;
2640;
2656;
2656;
2656;
2656;
2656;
2656;
2656;
2656;
2672;
2640;
2656;
2656;
2656;
2640;
2656;
2656;
2672;
2656;
2656;
2640;
2672;
2656;
2672;
2640;
2672;
2656;
2656;
2656;
2656;
2656;
2656;
2640;
2656;
2656;
2656;
2640;
2656;
2656;
2656;
2656;
2656;
2656;
2656;
2656;
2656;
2656;
2672;
2656;
2656;
2640;
2672;
2656;
2672;
2656;
2656;
2656;
2672;
2640;
2656;
2656;
2656;
2656;
2656;
2656;
2672;
2656;
2656;
2656;
2672;
2656;
2656;
2656;
2656;
2656;
2656;
2656;
2656;
2656;
2656;
2656;
2656;
2656;
2656;
2656;
2672;
2656;
2656;
2656;
2672;
2656;
2672;
2656;
2672;
2656;
2656;
2656;
2672;
2656;
2672;
2656;
2656;
2640;
2672;
2656;
2656;
2640;
2656;
2656;
2656;
2656;
2656;
2656;
2672;
2656;
2656;
2656;
2656;
2656;
2656;
2640;
2672;
2656;
2656;
2656;
2656;
2656;
2656;
2656;
2672;
2656;
2656;
2640;
2656;
2656;
2656;
2656;
2656;
2656;
2672;
2656;
2672;
2656;
2656;
2656;
2656;
2656;
2656;
2656;
2656;
2656;
2656;
2656;
2656;
2656;
2680;
2656;
2656;
2656;
2656;
2640;
2656;
2656;
2656;
2656;
2672;
2656;
2672;
2656;
2672;
2672;
2656;
2656;
2672;
2656;
2656;
2656;
2672;
2672;
2656;
2656;
2656;
2656;
2672;
2656;
2656;
2640;
2656;
2656;
2672;
2656;
2656;
2656;
2656;
2656;
2656;
2656;
2656;
2656;
2656;
2656;
2656;
2656;
2656;
2656;
2656;
2656;
2656;
2656;
2656;
2656;
2656;
2656;
2656;
2656;
2656;
2656;
2656;
2656;
2656;
2656;
2656;
2656;
2656;
2656;
2656;
2656;
2656;
2656;
2656;
2656;
2656;
2656;
2656;
2656;
2656;
2656;
2656;
2656;
2656;
2656;
2656;
2656;
2656;
2656;
2656;
2656;
2656;
2656;
2656;
2656;
2656;
2656;
2656;
2656;
2656;
2656;
2656;
2656;
2656;
2656;
2656;
2656;
2656;
2656;
2656;
2672;
2656;
2656;
2656;
2656;
2656;
2656;
2656;
2656;
2656;
2656;
2656;
2656;
2656;
2656;
2656;
2656;
2656;
2656;
2656;
2656;
2656;
2656;
2656;
2656;
2656;
2656;
2656;
2656;
2656;
2656;
2656;
2656;
2656;
2656;
2656;
2656;
2656;
2656;
2656;
2656;
2656;
2656;
2656;
2656;
2656;
2656;
2656;
2656;
2656;
2656;
2656;
2656;
2656;
2656;
2656;
2656;
2656;
2656;
2656;
2656;
2656;
2656;
2656;
2656;
2656;
2656;
2656;
2656;
2656;
2672;
2656;
2672;
2656;
2656;
2656;
2656;
2640;
2672;
2656;
2656;
2640;
2656;
2656;
2656;
2656;
2656;
2656;
2656;
2656;
2672;
2656;
2656;
2656;
2656;
2640;
2656;
2656;
2656;
2656;
2656;
2656;
2656;
2656;
2672;
2656;
2656;
2656;
2656;
2656;
2656;
2640;
2656;
2656;
2656;
2656;
2672;
2656;
2656;
2656;
2656;
2656;
2656;
2656;
2704;
2640;
2672;
2656;
2656;
2656;
2656;
2656;
2640;
2640;
2672;
2656;
2656;
2656;
2656;
2656;
2624;
2656;
2656;
2656;
2656;
2656;
2656;
2656;
2656;
2656;
2656;
2656;
2656;
2656;
2656;
2656;
2640;
2656;
2672;
2656;
2672;
2640;
2656;
2656;
2656;
2656;
2656;
2656;
2656;
2656;
2656;
2656;
2656;
2656;
2656;
2656;
2656;
2656;
2656;
2656;
2656;
2656;
2656;
2656;
2656;
2656;
2656;
2672;
2656;
2656;
2656;
2656;
2656;
2656;
2656;
2656;
2656;
2656;
2656;
2672;
2656;
2640;
2656;
2656;
2672;
2656;
2640;
2656;
2656;
2672;
2640;
2656;
2656;
2672;
2656;
2656;
2656;
2672;
2656;
2656;
2656;
2672;
2656;
2656;
2640;
2672;
2656;
2656;
2640;
2672;
2656;
2672;
2640;
2656;
2656;
2672;
2640;
2656;
2656;
2672;
2640;
2656;
2656;
2672;
2640;
2656;
2640;
2672;
2640;
2656;
2640;
2672;
2656;
2656;
2640;
2672;
2656;
2656;
2640;
2672;
2656;
2656;
2640;
2672;
2640;
2656;
2640;
2656;
2640;
2672;
2656;
2672;
2656;
2656;
2656;
2672;
2640;
2656;
2656;
2672;
2640;
2656;
2624;
2680;
2656;
2656;
2624;
2672;
2672;
2656;
2624;
2656;
2680;
2672;
2624;
2640;
2672;
2688;
2624;
2624;
2672;
2720;
2640;
2624;
2624;
2704;
2672;
2624;
2608;
2688;
2680;
2640;
2592;
2672;
2688;
2672;
2592;
2656;
2688;
2688;
2608;
2624;
2672;
2688;
2624;
2624;
2656;
2704;
2624;
2624;
2640;
2704;
2656;
2624;
2624;
2704;
2656;
2624;
2624;
2688;
2656;
2640;
2624;
2680;
2688;
2640;
2608;
2680;
2688;
2672;
2592;
2640;
2688;
2680;
2592;
2656;
2680;
2736;
2592;
2624;
2672;
2720;
2624;
2624;
2640;
2720;
2624;
2624;
2624;
2720;
2656;
2624;
2608;
2736;
2672;
2656;
2592;
2672;
2672;
2672;
2592;
2672;
2672;
2680;
2592;
2640;
2672;
2688;
2624;
2656;
2656;
2704;
2624;
2624;
2640;
2704;
2640;
2640;
2640;
2704;
2656;
2624;
2624;
2688;
2656;
2640;
2624;
2688;
2672;
2656;
2608;
2688;
2672;
2656;
2608;
2688;
2672;
2672;
2608;
2672;
2672;
2688;
2608;
2656;
2672;
2688;
2608;
2640;
2656;
2704;
2624;
2640;
2656;
2704;
2640;
2640;
2624;
2704;
2656;
2640;
2624;
2688;
2656;
2656;
2608;
2688;
2672;
2672;
2608;
2680;
2672;
2672;
2608;
2672;
2672;
2680;
2608;
2672;
2672;
2688;
2608;
2656;
2656;
2704;
2624;
2656;
2656;
2704;
2624;
2640;
2640;
2704;
2640;
2624;
2624;
2704;
2656;
2656;
2624;
2688;
2672;
2656;
2608;
2688;
2672;
2672;
2592;
2680;
2672;
2672;
2592;
2656;
2672;
2688;
2592;
2640;
2656;
2704;
2624;
2640;
2656;
2704;
2624;
2640;
2640;
2704;
2640;
2624;
2624;
2704;
2656;
2656;
2624;
2688;
2672;
2656;
2608;
2680;
2672;
2656;
2608;
2672;
2672;
2672;
2624;
2656;
2672;
2680;
2624;
2640;
2656;
2688;
2624;
2640;
2640;
2704;
2640;
2640;
2640;
2704;
2656;
2624;
2624;
2688;
2656;
2640;
2624;
2688;
2672;
2656;
2624;
2680;
2672;
2704;
2592;
2672;
2672;
2672;
2624;
2672;
2672;
2672;
2608;
2672;
2656;
2680;
2624;
2656;
2640;
2672;
2624;
2640;
2640;
2704;
2640;
2656;
2640;
2672;
2656;
2640;
2624;
2688;
2656;
2656;
2624;
2656;
2656;
2656;
2624;
2672;
2656;
2672;
2624;
2672;
2672;
2656;
2624;
2672;
2672;
2672;
2624;
2656;
2672;
2680;
2624;
2640;
2656;
2688;
2624;
2656;
2656;
2688;
2640;
2640;
2640;
2688;
2656;
2640;
2624;
2688;
2656;
2656;
2624;
2680;
2672;
2656;
2624;
2672;
2672;
2672;
2608;
2656;
2672;
2680;
2624;
2640;
2656;
2704;
2640;
2624;
2640;
2704;
2656;
2624;
2624;
2688;
2672;
2640;
2624;
2680;
2680;
2672;
2608;
2656;
2680;
2672;
2608;
2656;
2672;
2680;
2624;
2640;
2672;
2688;
2640;
2624;
2640;
2704;
2656;
2624;
2624;
2688;
2672;
2656;
2624;
2680;
2672;
2656;
2608;
2672;
2672;
2672;
2608;
2656;
2672;
2688;
2624;
2640;
2656;
2688;
2624;
2624;
2640;
2688;
2656;
2624;
2624;
2688;
2672;
2640;
2624;
2680;
2672;
2672;
2624;
2656;
2672;
2656;
2624;
2656;
2672;
2680;
2624;
2640;
2656;
2688;
2656;
2624;
2656;
2688;
2656;
2640;
2624;
2688;
2672;
2656;
2624;
2680;
2672;
2656;
2624;
2672;
2680;
2672;
2624;
2656;
2672;
2680;
2624;
2640;
2672;
2680;
2640;
2656;
2640;
2688;
2656;
2656;
2624;
2680;
2656;
2672;
2624;
2672;
2672;
2672;
2624;
2672;
2656;
2672;
2640;
2656;
2656;
2680;
2624;
2656;
2656;
2672;
2656;
2656;
2640;
2672;
2656;
2656;
2640;
2672;
2656;
2656;
2656;
2672;
2672;
2656;
2640;
2656;
2656;
2672;
2624;
2656;
2656;
2672;
2656;
2656;
2656;
2672;
2656;
2656;
2640;
2672;
2656;
2656;
2640;
2672;
2656;
2656;
2640;
2672;
2656;
2672;
2640;
2656;
2672;
2672;
2624;
2656;
2656;
2672;
2656;
2656;
2640;
2672;
2656;
2656;
2624;
2672;
2656;
2656;
2640;
2672;
2656;
2656;
2624;
2656;
2656;
2672;
2624;
2656;
2656;
2672;
2640;
2656;
2656;
2672;
2656;
2656;
2624;
2672;
2656;
2656;
2640;
2672;
2656;
2672;
2624;
2672;
2656;
2656;
2624;
2656;
2656;
2672;
2640;
2656;
2656;
2672;
2640;
2640;
2656;
2672;
2656;
2656;
2640;
2672;
2656;
2656;
2640;
2656;
2656;
2656;
2624;
2672;
2656;
2656;
2640;
2656;
2656;
2672;
2624;
2656;
2656;
2672;
2640;
2656;
2656;
2672;
2640;
2656;
2640;
2672;
2656;
2656;
2640;
2672;
2656;
2656;
2624;
2656;
2656;
2672;
2640;
2656;
2656;
2656;
2656;
2656;
2656;
2672;
2656;
2656;
2656;
2656;
2656;
2672;
2656;
2672;
2640;
2672;
2656;
2656;
2640;
2672;
2656;
2672;
2640;
2656;
2656;
2672;
2624;
2656;
2656;
2680;
2640;
2656;
2656;
2680;
2656;
2640;
2656;
2688;
2656;
2640;
2624;
2688;
2656;
2656;
2624;
2672;
2672;
2672;
2624;
2656;
2672;
2672;
2624;
2656;
2672;
2680;
2624;
2640;
2656;
2680;
2640;
2624;
2656;
2680;
2656;
2640;
2640;
2672;
2656;
2640;
2624;
2672;
2672;
2656;
2624;
2680;
2656;
2656;
2624;
2672;
2672;
2672;
2624;
2656;
2672;
2672;
2624;
2656;
2680;
2680;
2624;
2640;
2656;
2680;
2624;
2640;
2656;
2688;
2640;
2624;
2624;
2680;
2672;
2640;
2624;
2680;
2672;
2640;
2624;
2672;
2656;
2656;
2624;
2656;
2672;
2672;
2624;
2656;
2672;
2672;
2624;
2624;
2672;
2672;
2624;
2640;
2656;
2680;
2656;
2640;
2656;
2688;
2656;
2640;
2624;
2704;
2672;
2640;
2624;
2672;
2672;
2656;
2624;
2672;
2672;
2656;
2624;
2656;
2672;
2656;
2624;
2640;
2672;
2672;
2624;
2640;
2672;
2672;
2624;
2640;
2672;
2672;
2656;
2624;
2656;
2680;
2656;
2640;
2640;
2688;
2672;
2640;
2624;
2672;
2672;
2656;
2624;
2672;
2672;
2656;
2624;
2672;
2672;
2672;
2624;
2656;
2672;
2672;
2624;
2640;
2672;
2672;
2624;
2640;
2672;
2672;
2640;
2624;
2656;
2680;
2656;
2624;
2656;
2688;
2672;
2624;
2624;
2672;
2672;
2640;
2624;
2672;
2672;
2656;
2624;
2672;
2672;
2656;
2624;
2656;
2672;
2672;
2624;
2656;
2672;
2672;
2624;
2624;
2672;
2680;
2640;
2640;
2656;
2672;
2656;
2624;
2656;
2672;
2656;
2624;
2640;
2680;
2656;
2624;
2624;
2672;
2672;
2640;
2624;
2672;
2672;
2656;
2624;
2656;
2680;
2656;
2624;
2656;
2672;
2656;
2624;
2656;
2672;
2672;
2624;
2640;
2672;
2680;
2640;
2640;
2656;
2680;
2656;
2624;
2656;
2672;
2672;
2624;
2624;
2680;
2656;
2640;
2624;
2672;
2672;
2640;
2624;
2672;
2672;
2656;
2624;
2656;
2680;
2656;
2624;
2656;
2672;
2672;
2624;
2640;
2672;
2680;
2624;
2624;
2672;
2688;
2640;
2624;
2656;
2688;
2656;
2624;
2640;
2680;
2656;
2624;
2624;
2680;
2672;
2624;
2624;
2672;
2672;
2656;
2624;
2656;
2672;
2672;
2624;
2656;
2680;
2672;
2624;
2640;
2672;
2688;
2624;
2624;
2656;
2688;
2624;
2624;
2656;
2688;
2672;
2624;
2640;
2688;
2672;
2624;
2624;
2672;
2672;
2640;
2624;
2672;
2680;
2656;
2608;
2704;
2672;
2672;
2624;
2656;
2680;
2680;
2624;
2640;
2656;
2688;
2624;
2624;
2656;
2688;
2640;
2640;
2624;
2688;
2656;
2640;
2624;
2672;
2656;
2656;
2624;
2672;
2672;
2656;
2624;
2672;
2672;
2672;
2624;
2656;
2672;
2672;
2624;
2640;
2656;
2680;
2640;
2640;
2656;
2680;
2656;
2640;
2640;
2680;
2656;
2656;
2624;
2672;
2656;
2656;
2624;
2672;
2656;
2672;
2624;
2656;
2656;
2672;
2624;
2656;
2656;
2672;
2640;
2656;
2656;
2672;
2640;
2656;
2624;
2672;
2656;
2656;
2624;
2672;
2640;
2672;
2640;
2672;
2640;
2672;
2640;
2656;
2640;
2672;
2640;
2656;
2640;
2672;
2656;
2656;
2624;
2672;
2656;
2672;
2624;
2656;
2640;
2672;
2640;
2656;
2640;
2680;
2656;
2656;
2640;
2680;
2640;
2656;
2624;
2672;
2656;
2656;
2624;
2672;
2656;
2656;
2624;
2656;
2656;
2672;
2624;
2656;
2656;
2672;
2624;
2656;
2640;
2680;
2640;
2656;
2640;
2680;
2656;
2656;
2624;
2680;
2656;
2656;
2624;
2680;
2656;
2656;
2624;
2672;
2656;
2672;
2624;
2656;
2672;
2672;
2624;
2656;
2656;
2688;
2624;
2656;
2640;
2688;
2640;
2640;
2624;
2688;
2656;
2656;
2624;
2680;
2656;
2656;
2624;
2672;
2672;
2672;
2624;
2672;
2656;
2672;
2624;
2672;
2656;
2672;
2624;
2656;
2656;
2680;
2624;
2656;
2640;
2688;
2624;
2656;
2640;
2688;
2656;
2656;
2624;
2688;
2672;
2656;
2624;
2688;
2656;
2672;
2624;
2672;
2624;
2680;
2624;
2672;
2640;
2672;
2624;
2720;
2624;
2672;
2624;
2672;
2640;
2688;
2624;
2688;
2624;
2680;
2656;
2672;
2640;
2680;
2656;
2672;
2624;
2680;
2656;
2672;
2624;
2672;
2640;
2680;
2624;
2672;
2656;
2672;
2624;
2672;
2640;
2672;
2624;
2672;
2640;
2680;
2624;
2672;
2624;
2680;
2640;
2672;
2624;
2680;
2640;
2656;
2624;
2672;
2640;
2672;
2624;
2672;
2656;
2672;
2624;
2672;
2640;
2672;
2624;
2672;
2640;
2680;
2624;
2672;
2656;
2672;
2624;
2672;
2640;
2688;
2624;
2672;
2624;
2688;
2624;
2672;
2624;
2680;
2640;
2672;
2624;
2680;
2640;
2672;
2624;
2680;
2640;
2672;
2624;
2672;
2640;
2680;
2624;
2672;
2640;
2688;
2624;
2672;
2640;
2680;
2624;
2672;
2624;
2688;
2640;
2672;
2624;
2672;
2640;
2672;
2624;
2672;
2640;
2680;
2624;
2672;
2624;
2672;
2624;
2672;
2640;
2688;
2624;
2672;
2624;
2680;
2624;
2672;
2624;
2672;
2624;
2672;
2624;
2680;
2624;
2680;
2624;
2680;
2624;
2672;
2624;
2672;
2624;
2672;
2624;
2672;
2624;
2680;
2624;
2680;
2624;
2672;
2624;
2680;
2624;
2672;
2624;
2680;
2624;
2680;
2624;
2680;
2624;
2672;
2624;
2672;
2640;
2680;
2624;
2680;
2624;
2672;
2640;
2672;
2624;
2672;
2624;
2672;
2624;
2672;
2624;
2680;
2624;
2688;
2624;
2672;
2624;
2680;
2624;
2672;
2640;
2680;
2624;
2672;
2624;
2688;
2624;
2672;
2624;
2680;
2640;
2672;
2624;
2672;
2640;
2680;
2624;
2672;
2640;
2672;
2624;
2680;
2624;
2680;
2624;
2672;
2640;
2680;
2624;
2672;
2624;
2680;
2624;
2704;
2624;
2680;
2640;
2672;
2624;
2680;
2640;
2656;
2624;
2672;
2640;
2680;
2624;
2672;
2624;
2672;
2624;
2680;
2656;
2688;
2640;
2688;
2624;
2680;
2640;
2672;
2624;
2680;
2640;
2720;
2624;
2672;
2640;
2656;
2624;
2672;
2640;
2672;
2624;
2672;
2624;
2672;
2624;
2672;
2640;
2680;
2624;
2656;
2624;
2688;
2640;
2672;
2624;
2672;
2640;
2672;
2624;
2672;
2640;
2672;
2624;
2672;
2656;
2672;
2624;
2672;
2640;
2672;
2624;
2672;
2640;
2672;
2624;
2672;
2656;
2672;
2640;
2672;
2640;
2672;
2640;
2672;
2624;
2672;
2640;
2672;
2624;
2672;
2640;
2672;
2624;
2672;
2640;
2672;
2624;
2672;
2640;
2672;
2624;
2656;
2640;
2672;
2640;
2672;
2640;
2672;
2640;
2672;
2624;
2672;
2640;
2672;
2624;
2672;
2640;
2672;
2624;
2672;
2640;
2672;
2640;
2672;
2640;
2672;
2624;
2672;
2640;
2672;
2640;
2656;
2640;
2672;
2656;
2672;
2640;
2672;
2656;
2672;
2624;
2672;
2656;
2672;
2640;
2656;
2656;
2672;
2640;
2672;
2640;
2656;
2656;
2656;
2656;
2672;
2656;
2672;
2656;
2672;
2656;
2656;
2640;
2672;
2640;
2656;
2624;
2672;
2656;
2672;
2640;
2656;
2640;
2672;
2640;
2672;
2640;
2672;
2640;
2656;
2656;
2672;
2656;
2656;
2640;
2656;
2656;
2656;
2640;
2672;
2656;
2672;
2640;
2672;
2656;
2656;
2656;
2656;
2656;
2656;
2640;
2656;
2656;
2672;
2656;
2656;
2656;
2672;
2640;
2656;
2640;
2672;
2656;
2656;
2640;
2672;
2656;
2656;
2656;
2672;
2656;
2656;
2656;
2656;
2656;
2656;
2656;
2656;
2656;
2656;
2656;
2656;
2672;
2656;
2656;
2656;
2656;
2656;
2656;
2656;
2656;
2656;
2656;
2656;
2672;
2656;
2656;
2656;
2656;
2656;
2656;
2656;
2656;
2656;
2656;
2656;
2656;
2656;
2656;
2656;
2656;
2656;
2656;
2656;
2656;
2656;
2656;
2656;
2656;
2656;
2656;
2656;
2656;
2656;
2656;
2656;
2656;
2656;
2656;
2656;
2656;
2656;
2656;
2656;
2656;
2656;
2656;
2656;
2656;
2672;
2656;
2656;
2656;
2656;
2656;
2656;
2680;
2656;
2656;
2656;
2672;
2656;
2656;
2640;
2656;
2672;
2656;
2656;
2656;
2656;
2656;
2672;
2624;
2656;
2656;
2656;
2656;
2656;
2672;
2656;
2672;
2640;
2656;
2640;
2656;
2640;
2656;
2656;
2656;
2640;
2656;
2640;
2656;
2656;
2656;
2656;
2656;
2656;
2656;
2656;
2656;
2656;
2656;
2656;
2656;
2656;
2656;
2656;
2672;
2656;
2656;
2656;
2656;
2640;
2672;
2656;
2672;
2656;
2672;
2656;
2656;
2656;
2656;
2640;
2656;
2656;
2672;
2656;
2672;
2656;
2672;
2656;
2656;
2640;
2672;
2656;
2656;
2640;
2672;
2656;
2672;
2640;
2672;
2656;
2672;
2640;
2672;
2656;
2672;
2640;
2672;
2656;
2672;
2640;
2656;
2656;
2672;
2624;
2672;
2656;
2672;
2656;
2672;
2640;
2672;
2656;
2656;
2656;
2672;
2656;
2656;
2656;
2672;
2656;
2656;
2640;
2672;
2640;
2672;
2640;
2672;
2624;
2672;
2656;
2672;
2640;
2672;
2624;
2656;
2640;
2672;
2640;
2672;
2640;
2672;
2624;
2672;
2624;
2672;
2656;
2672;
2640;
2672;
2640;
2656;
2640;
2672;
2640;
2656;
2624;
2672;
2640;
2672;
2640;
2672;
2640;
2672;
2640;
2672;
2656;
2672;
2640;
2672;
2640;
2672;
2624;
2672;
2640;
2672;
2640;
2672;
2640;
2672;
2624;
2672;
2624;
2672;
2640;
2680;
2640;
2672;
2640;
2680;
2640;
2672;
2624;
2672;
2624;
2672;
2640;
2672;
2624;
2672;
2640;
2672;
2624;
2672;
2624;
2672;
2640;
2672;
2640;
2680;
2656;
2672;
2624;
2688;
2640;
2688;
2640;
2672;
2624;
2672;
2640;
2680;
2640;
2672;
2624;
2680;
2624;
2672;
2624;
2672;
2624;
2672;
2624;
2672;
2624;
2672;
2624;
2672;
2640;
2672;
2624;
2680;
2624;
2688;
2624;
2672;
2624;
2672;
2624;
2672;
2624;
2672;
2624;
2672;
2624;
2672;
2624;
2672;
2624;
2680;
2624;
2672;
2624;
2680;
2624;
2672;
2624;
2680;
2624;
2672;
2624;
2688;
2624;
2672;
2624;
2688;
2640;
2672;
2624;
2680;
2640;
2672;
2624;
2672;
2640;
2688;
2624;
2672;
2624;
2688;
2624;
2672;
2624;
2688;
2624;
2656;
2624;
2688;
2624;
2656;
2624;
2688;
2640;
2672;
2624;
2688;
2656;
2672;
2624;
2672;
2656;
2688;
2624;
2656;
2640;
2688;
2624;
2672;
2624;
2688;
2624;
2672;
2624;
2688;
2640;
2672;
2624;
2680;
2640;
2672;
2624;
2688;
2640;
2672;
2624;
2680;
2640;
2672;
2624;
2680;
2640;
2680;
2624;
2672;
2640;
2688;
2624;
2672;
2624;
2704;
2624;
2672;
2624;
2688;
2624;
2656;
2624;
2688;
2624;
2672;
2624;
2688;
2640;
2672;
2624;
2688;
2656;
2672;
2624;
2672;
2656;
2672;
2624;
2672;
2640;
2688;
2624;
2656;
2624;
2688;
2624;
2672;
2624;
2680;
2640;
2672;
2624;
2688;
2624;
2672;
2624;
2688;
2640;
2680;
2624;
2680;
2640;
2672;
2624;
2680;
2640;
2672;
2624;
2672;
2640;
2680;
2624;
2672;
2624;
2688;
2624;
2672;
2640;
2688;
2624;
2672;
2624;
2672;
2624;
2656;
2624;
2672;
2640;
2672;
2624;
2672;
2640;
2672;
2624;
2672;
2640;
2672;
2624;
2672;
2656;
2672;
2624;
2672;
2640;
2672;
2624;
2672;
2640;
2680;
2624;
2672;
2640;
2680;
2624;
2672;
2640;
2688;
2640;
2680;
2624;
2680;
2656;
2656;
2640;
2672;
2672;
2656;
2624;
2672;
2656;
2672;
2624;
2688;
2656;
2656;
2640;
2672;
2656;
2672;
2624;
2656;
2656;
2672;
2624;
2672;
2640;
2672;
2656;
2656;
2624;
2656;
2624;
2656;
2624;
2672;
2656;
2656;
2640;
2672;
2656;
2656;
2640;
2672;
2640;
2672;
2624;
2672;
2656;
2672;
2624;
2672;
2656;
2672;
2624;
2672;
2640;
2680;
2624;
2656;
2656;
2680;
2624;
2672;
2640;
2672;
2624;
2672;
2640;
2680;
2640;
2672;
2624;
2672;
2656;
2672;
2624;
2672;
2640;
2656;
2624;
2672;
2640;
2672;
2640;
2672;
2656;
2672;
2624;
2672;
2656;
2672;
2624;
2656;
2640;
2672;
2640;
2656;
2640;
2672;
2640;
2656;
2640;
2672;
2640;
2656;
2624;
2672;
2640;
2672;
2640;
2672;
2656;
2656;
2624;
2672;
2656;
2672;
2624;
2672;
2656;
2672;
2640;
2656;
2656;
2672;
2640;
2656;
2640;
2672;
2640;
2656;
2656;
2672;
2656;
2656;
2656;
2672;
2656;
2656;
2656;
2672;
2656;
2656;
2656;
2672;
2656;
2656;
2624;
2672;
2656;
2672;
2624;
2672;
2656;
2672;
2624;
2672;
2656;
2680;
2640;
2672;
2640;
2672;
2624;
2656;
2640;
2672;
2624;
2656;
2640;
2680;
2640;
2656;
2624;
2672;
2640;
2656;
2624;
2680;
2656;
2672;
2624;
2672;
2656;
2680;
2624;
2672;
2656;
2672;
2640;
2656;
2656;
2672;
2640;
2640;
2656;
2672;
2640;
2656;
2640;
2672;
2640;
2656;
2624;
2672;
2640;
2656;
2624;
2672;
2672;
2672;
2624;
2656;
2672;
2672;
2624;
2656;
2656;
2680;
2624;
2656;
2656;
2680;
2640;
2656;
2640;
2680;
2656;
2656;
2640;
2688;
2624;
2640;
2624;
2672;
2656;
2656;
2624;
2656;
2640;
2672;
2624;
2672;
2656;
2672;
2624;
2640;
2656;
2680;
2624;
2656;
2640;
2680;
2624;
2656;
2640;
2672;
2656;
2656;
2624;
2688;
2640;
2656;
2624;
2672;
2656;
2656;
2624;
2656;
2672;
2656;
2640;
2656;
2656;
2672;
2656;
2656;
2656;
2672;
2656;
2656;
2640;
2680;
2656;
2672;
2656;
2672;
2656;
2640;
2640;
2656;
2656;
2656;
2640;
2672;
2656;
2672;
2656;
2656;
2656;
2656;
2640;
2656;
2656;
2672;
2656;
2656;
2640;
2656;
2656;
2640;
2656;
2656;
2656;
2672;
2640;
2672;
2656;
2656;
2640;
2672;
2656;
2672;
2640;
2656;
2656;
2672;
2656;
2656;
2656;
2656;
2656;
2656;
2656;
2656;
2656;
2672;
2640;
2672;
2656;
2656;
2656;
2656;
2656;
2672;
2640;
2656;
2656;
2672;
2656;
2656;
2640;
2656;
2656;
2656;
2656;
2672;
2656;
2656;
2656;
2672;
2656;
2656;
2656;
2656;
2656;
2656;
2656;
2656;
2656;
2656;
2656;
2656;
2656;
2672;
2656;
2656;
2656;
2656;
2656;
2656;
2640;
2656;
2656;
2656;
2656;
2656;
2656;
2656;
2656;
2672;
2656;
2656;
2640;
2656;
2656;
2656;
2656;
2656;
2656;
2656;
2656;
2656;
2640;
2656;
2656;
2656;
2656;
2656;
2656;
2656;
2656;
2656;
2656;
2672;
2656;
2656;
2656;
2656;
2640;
2656;
2656;
2656;
2656;
2656;
2656;
2672;
2656;
2656;
2656;
2672;
2656;
2672;
2640;
2672;
2656;
2656;
2656;
2672;
2656;
2656;
2656;
2656;
2656;
2656;
2656;
2656;
2656;
2656;
2656;
2656;
2656;
2656;
2656;
2656;
2656;
2672;
2656;
2672;
2656;
2672;
2656;
2656;
2656;
2656;
2656;
2656;
2640;
2656;
2656;
2656;
2656;
2656;
2656;
2656;
2656;
2656;
2656;
2656;
2640;
2656;
2656;
2656;
2656;
2672;
2656;
2688;
2640;
2656;
2656;
2640;
2656;
2656;
2656;
2640;
2624;
2656;
2656;
2656;
2656;
2656;
2656;
2656;
2656;
2656;
2656;
2672;
2656;
2672;
2656;
2640;
2656;
2656;
2656;
2656;
2656;
2656;
2656;
2656;
2672;
2672;
2656;
2656;
2656;
2656;
2656;
2656;
2656;
2656;
2656;
2656;
2656;
2656;
2656;
2656;
2656;
2656;
2656;
2656;
2656;
2672;
2656;
2672;
2656;
2672;
2656;
2656;
2656;
2656;
2656;
2640;
2656;
2640;
2656;
2656;
2656;
2656;
2672;
2672;
2656;
2656;
2656;
2656;
2656;
2656;
2656;
2672;
2656;
2656;
2656;
2656;
2656;
2640;
2656;
2656;
2656;
2656;
2656;
2656;
2672;
2656;
2656;
2656;
2656;
2656;
2656;
2656;
2656;
2656;
2656;
2656;
2656;
2656;
2656;
2656;
2656;
2656;
2656;
2656;
2656;
2672;
2656;
2656;
2640;
2672;
2672;
2656;
2656;
2656;
2656;
2656;
2656;
2656;
2656;
2656;
2656;
2656;
2656;
2656;
2656;
2656;
2656;
2656;
2656;
2656;
2656;
2656;
2656;
2656;
2656;
2656;
2656;
2656;
2640;
2656;
2656;
2656;
2656;
2656;
2672;
2656;
2656;
2656;
2656;
2656;
2656;
2656;
2672;
2656;
2656;
2656;
2672;
2656;
2640;
2640;
2656;
2656;
2656;
2656;
2672;
2656;
2656;
2640;
2656;
2656;
2656;
2656;
2656;
2656;
2656;
2656;
2656;
2656;
2656;
2656;
2656;
2656;
2656;
2656;
2656;
2656;
2672;
2656;
2656;
2656;
2672;
2656;
2656;
2656;
2672;
2656;
2656;
2640;
2656;
2656;
2656;
2656;
2672;
2672;
2640;
2656;
2656;
2656;
2656;
2640;
2656;
2672;
2640;
2656;
2656;
2656;
2656;
2656;
2656;
2624;
2656;
2656;
2656;
2656;
2672;
2640;
2656;
2656;
2656;
2656;
2672;
2656;
2672;
2656;
2656;
2640;
2672;
2656;
2656;
2640;
2672;
2656;
2656;
2640;
2672;
2656;
2672;
2656;
2656;
2656;
2656;
2656;
2656;
2656;
2672;
2656;
2656;
2656;
2656;
2656;
2656;
2656;
2672;
2656;
2656;
2656;
2672;
2656;
2672;
2656;
2672;
2656;
2656;
2640;
2672;
2656;
2656;
2640;
2656;
2656;
2656;
2656;
2656;
2656;
2656;
2656;
2656;
2656;
2656;
2656;
2656;
2656;
2672;
2656;
2656;
2656;
2656;
2640;
2656;
2656;
2672;
2656;
2656;
2640;
2672;
2656;
2656;
2640;
2672;
2656;
2656;
2640;
2656;
2656;
2656;
2656;
2656;
2656;
2656;
2640;
2656;
2656;
2672;
2640;
2656;
2656;
2672;
2656;
2656;
2656;
2672;
2640;
2656;
2656;
2672;
2656;
2656;
2656;
2672;
2656;
2656;
2640;
2672;
2656;
2656;
2640;
2656;
2656;
2672;
2640;
2672;
2656;
2672;
2640;
2656;
2656;
2672;
2640;
2656;
2640;
2672;
2656;
2656;
2640;
2672;
2656;
2656;
2640;
2672;
2656;
2656;
2640;
2656;
2656;
2672;
2640;
2672;
2656;
2672;
2656;
2656;
2640;
2672;
2656;
2656;
2640;
2672;
2640;
2656;
2656;
2672;
2656;
2656;
2640;
2672;
2656;
2672;
2624;
2672;
2656;
2672;
2640;
2656;
2640;
2672;
2640;
2656;
2656;
2672;
2656;
2656;
2640;
2672;
2656;
2656;
2640;
2672;
2656;
2672;
2640;
2672;
2656;
2672;
2640;
2672;
2656;
2656;
2640;
2672;
2656;
2672;
2656;
2656;
2640;
2672;
2656;
2672;
2640;
2672;
2656;
2672;
2640;
2672;
2656;
2672;
2656;
2656;
2624;
2672;
2640;
2672;
2656;
2688;
2640;
2672;
2656;
2672;
2656;
2656;
2640;
2672;
2656;
2656;
2640;
2672;
2656;
2656;
2656;
2656;
2656;
2672;
2656;
2672;
2656;
2672;
2640;
2672;
2656;
2672;
2656;
2656;
2656;
2672;
2656;
2656;
2656;
2672;
2640;
2656;
2640;
2672;
2656;
2656;
2640;
2656;
2656;
2672;
2640;
2656;
2656;
2672;
2656;
2656;
2656;
2672;
2656;
2656;
2656;
2672;
2640;
2656;
2640;
2672;
2656;
2656;
2656;
2672;
2656;
2656;
2656;
2672;
2656;
2656;
2656;
2672;
2656;
2656;
2656;
2656;
2656;
2656;
2656;
2656;
2656;
2656;
2640;
2656;
2656;
2672;
2656;
2656;
2656;
2656;
2656;
2656;
2656;
2656;
2656;
2656;
2656;
2672;
2656;
2672;
2656;
2656;
2656;
2672;
2656;
2656;
2656;
2656;
2656;
2656;
2656;
2672;
2640;
2656;
2656;
2656;
2656;
2656;
2656;
2672;
2656;
2656;
2656;
2672;
2656;
2656;
2656;
2656;
2656;
2656;
2640;
2656;
2656;
2656;
2656;
2656;
2656;
2672;
2656;
2656;
2640;
2672;
2656;
2656;
2656;
2672;
2656;
2672;
2656;
2656;
2656;
2672;
2656;
2656;
2656;
2656;
2656;
2656;
2656;
2656;
2656;
2672;
2656;
2656;
2656;
2656;
2656;
2656;
2656;
2656;
2656;
2656;
2656;
2656;
2656;
2656;
2656;
2656;
2656;
2672;
2656;
2656;
2656;
2656;
2656;
2656;
2656;
2656;
2656;
2656;
2656;
2656;
2656;
2656;
2656;
2656;
2656;
2656;
2640;
2640;
2656;
2656;
2656;
2656;
2656;
2656;
2640;
2656;
2656;
2656;
2656;
2656;
2656;
2672;
2656;
2656;
2640;
2656;
2656;
2656;
2640;
2672;
2640;
2656;
2656;
2640;
2656;
2656;
2656;
2672;
2656;
2640;
2656;
2656;
2672;
2656;
2656;
2656;
2656;
2656;
2656;
2656;
2656;
2656;
2656;
2656;
2656;
2656;
2656;
2656;
2656;
2656;
2656;
2656;
2656;
2656;
2656;
2656;
2656;
2656;
2656;
2656;
2656;
2656;
2656;
2656;
2656;
2656;
2656;
2640;
2656;
2656;
2672;
2656;
2656;
2656;
2656;
2656;
2656;
2640;
2656;
2656;
2656;
2656;
2656;
2656;
2656;
2656;
2656;
2656;
2672;
2656;
2656;
2656;
2656;
2656;
2656;
2640;
2672;
2656;
2656;
2656;
2672;
2656;
2672;
2640;
2672;
2656;
2672;
2640;
2656;
2656;
2656;
2640;
2672;
2656;
2672;
2640;
2656;
2656;
2672;
2640;
2656;
2656;
2672;
2656;
2656;
2656;
2656;
2656;
2656;
2656;
2656;
2656;
2656;
2640;
2672;
2656;
2656;
2640;
2672;
2640;
2656;
2640;
2656;
2656;
2656;
2640;
2672;
2656;
2656;
2640;
2656;
2656;
2672;
2640;
2656;
2656;
2672;
2640;
2672;
2656;
2672;
2656;
2672;
2656;
2672;
2656;
2672;
2640;
2672;
2640;
2656;
2656;
2672;
2640;
2656;
2656;
2656;
2656;
2656;
2656;
2672;
2656;
2656;
2656;
2672;
2656;
2672;
2656;
2656;
2656;
2656;
2656;
2672;
2656;
2672;
2656;
2656;
2656;
2672;
2656;
2656;
2640;
2672;
2640;
2656;
2640;
2672;
2656;
2656;
2656;
2672;
2656;
2672;
2640;
2672;
2656;
2656;
2640;
2672;
2640;
2672;
2640;
2672;
2656;
2672;
2640;
2672;
2656;
2672;
2656;
2656;
2656;
2672;
2656;
2656;
2656;
2672;
2656;
2656;
2656;
2672;
2656;
2656;
2640;
2672;
2656;
2656;
2640;
2656;
2656;
2656;
2640;
2656;
2656;
2656;
2640;
2656;
2656;
2656;
2640;
2672;
2656;
2656;
2656;
2656;
2624;
2656;
2656;
2656;
2656;
2672;
2656;
2672;
2640;
2656;
2656;
2656;
2640;
2656;
2656;
2672;
2640;
2672;
2656;
2672;
2656;
2656;
2656;
2672;
2624;
2656;
2640;
2656;
2656;
2656;
2656;
2672;
2640;
2672;
2640;
2656;
2656;
2656;
2656;
2672;
2656;
2656;
2640;
2656;
2656;
2656;
2656;
2672;
2656;
2656;
2656;
2672;
2656;
2656;
2656;
2672;
2656;
2656;
2656;
2656;
2656;
2656;
2656;
2656;
2656;
2656;
2656;
2656;
2656;
2656;
2656;
2656;
2656;
2656;
2656;
2656;
2656;
2656;
2656;
2640;
2656;
2656;
2656;
2656;
2672;
2656;
2656;
2656;
2656;
2656;
2672;
2656;
2656;
2656;
2672;
2656;
2656;
2656;
2656;
2656;
2656;
2656;
2656;
2656;
2656;
2656;
2656;
2656;
2656;
2656;
2656;
2656;
2656;
2656;
2656;
2656;
2672;
2656;
2656;
2656;
2656;
2656;
2656;
2656;
2656;
2656;
2656;
2656;
2656;
2656;
2656;
2656;
2656;
2656;
2656;
2656;
2656;
2672;
2656;
2656;
2656;
2656;
2656;
2640;
2656;
2656;
2656;
2656;
2656;
2656;
2672;
2656;
2656;
2656;
2656;
2656;
2656;
2640;
2656;
2656;
2656;
2656;
2656;
2656;
2656;
2656;
2656;
2656;
2656;
2656;
2656;
2656;
2656;
2656;
2656;
2656;
2672;
2656;
2656;
2656;
2672;
2656;
2656;
2656;
2656;
2656;
2656;
2656;
2672;
2656;
2656;
2640;
2656;
2656;
2656;
2640;
2656;
2656;
2672;
2656;
2656;
2656;
2656;
2656;
2656;
2656;
2672;
2656;
2656;
2656;
2672;
2656;
2656;
2656;
2672;
2656;
2656;
2656;
2656;
2656;
2656;
2640;
2656;
2640;
2656;
2656;
2656;
2656;
2672;
2656;
2656;
2656;
2656;
2640;
2656;
2656;
2656;
2656;
2640;
2656;
2656;
2656;
2656;
2656;
2656;
2656;
2656;
2656;
2656;
2656;
2656;
2656;
2656;
2640;
2672;
2656;
2656;
2656;
2672;
2640;
2656;
2672;
2672;
2640;
2656;
2656;
2704;
2656;
2656;
2672;
2672;
2656;
2656;
2656;
2656;
2640;
2672;
2656;
2672;
2656;
2656;
2656;
2656;
2624;
2656;
2656;
2672;
2656;
2656;
2656;
2656;
2656;
2656;
2656;
2672;
2656;
2656;
2656;
2656;
2656;
2656;
2656;
2656;
2656;
2672;
2656;
2656;
2656;
2656;
2656;
2656;
2656;
2656;
2656;
2656;
2656;
2656;
2656;
2656;
2656;
2656;
2672;
2656;
2656;
2656;
2672;
2656;
2656;
2656;
2672;
2656;
2656;
2656;
2672;
2656;
2656;
2656;
2672;
2656;
2656;
2656;
2656;
2656;
2656;
2656;
2656;
2656;
2656;
2640;
2672;
2656;
2656;
2656;
2656;
2656;
2656;
2656;
2656;
2656;
2672;
2656;
2656;
2656;
2672;
2640;
2656;
2656;
2672;
2656;
2672;
2656;
2672;
2656;
2672;
2640;
2672;
2656;
2656;
2640;
2672;
2656;
2672;
2640;
2656;
2656;
2672;
2640;
2656;
2640;
2672;
2640;
2656;
2656;
2672;
2656;
2656;
2656;
2656;
2656;
2656;
2656;
2672;
2656;
2656;
2656;
2672;
2656;
2656;
2656;
2672;
2656;
2672;
2640;
2656;
2656;
2656;
2656;
2656;
2656;
2656;
2656;
2656;
2656;
2672;
2640;
2656;
2656;
2672;
2640;
2656;
2640;
2672;
2656;
2656;
2656;
2672;
2656;
2672;
2640;
2672;
2656;
2672;
2624;
2672;
2656;
2656;
2624;
2656;
2656;
2672;
2656;
2672;
2656;
2656;
2656;
2656;
2656;
2672;
2640;
2656;
2656;
2672;
2656;
2672;
2640;
2672;
2656;
2672;
2640;
2672;
2656;
2656;
2640;
2672;
2640;
2672;
2624;
2672;
2640;
2656;
2624;
2672;
2656;
2672;
2640;
2704;
2624;
2672;
2656;
2656;
2656;
2672;
2640;
2656;
2640;
2672;
2640;
2656;
2624;
2672;
2640;
2656;
2656;
2672;
2656;
2672;
2640;
2672;
2640;
2672;
2624;
2672;
2640;
2672;
2624;
2672;
2656;
2672;
2624;
2672;
2640;
2672;
2640;
2672;
2640;
2672;
2640;
2672;
2640;
2672;
2640;
2672;
2640;
2672;
2640;
2672;
2624;
2672;
2640;
2672;
2624;
2680;
2624;
2672;
2640;
2672;
2640;
2672;
2624;
2672;
2640;
2672;
2624;
2672;
2640;
2680;
2624;
2672;
2640;
2672;
2624;
2672;
2624;
2680;
2624;
2672;
2640;
2672;
2640;
2672;
2624;
2672;
2640;
2672;
2624;
2680;
2640;
2672;
2624;
2672;
2640;
2672;
2640;
2672;
2640;
2672;
2624;
2672;
2624;
2672;
2624;
2672;
2640;
2680;
2624;
2672;
2624;
2672;
2640;
2672;
2624;
2680;
2640;
2672;
2624;
2680;
2640;
2672;
2640;
2672;
2640;
2672;
2624;
2672;
2640;
2672;
2624;
2672;
2640;
2680;
2640;
2672;
2640;
2680;
2640;
2672;
2624;
2672;
2640;
2672;
2640;
2672;
2640;
2672;
2624;
2672;
2640;
2672;
2624;
2672;
2640;
2672;
2624;
2672;
2640;
2672;
2640;
2672;
2624;
2672;
2640;
2672;
2656;
2672;
2640;
2672;
2640;
2680;
2640;
2672;
2640;
2672;
2640;
2672;
2624;
2672;
2640;
2672;
2640;
2672;
2640;
2672;
2640;
2672;
2640;
2672;
2640;
2672;
2640;
2672;
2640;
2672;
2624;
2672;
2624;
2672;
2656;
2672;
2640;
2672;
2640;
2672;
2656;
2672;
2624;
2672;
2640;
2672;
2624;
2672;
2640;
2672;
2624;
2672;
2640;
2672;
2624;
2672;
2640;
2672;
2624;
2672;
2656;
2672;
2624;
2656;
2656;
2672;
2640;
2672;
2640;
2656;
2640;
2656;
2640;
2672;
2640;
2672;
2640;
2672;
2640;
2656;
2640;
2680;
2640;
2672;
2656;
2656;
2624;
2672;
2640;
2672;
2656;
2672;
2640;
2672;
2656;
2656;
2640;
2672;
2640;
2672;
2656;
2672;
2640;
2656;
2640;
2672;
2640;
2672;
2640;
2672;
2656;
2672;
2640;
2672;
2640;
2680;
2640;
2672;
2640;
2672;
2640;
2672;
2624;
2672;
2656;
2672;
2640;
2640;
2656;
2672;
2640;
2672;
2656;
2672;
2624;
2672;
2656;
2672;
2656;
2672;
2640;
2672;
2640;
2672;
2640;
2672;
2640;
2672;
2640;
2672;
2656;
2672;
2640;
2672;
2656;
2672;
2640;
2672;
2656;
2672;
2624;
2672;
2640;
2672;
2640;
2672;
2640;
2672;
2640;
2672;
2640;
2672;
2640;
2672;
2656;
2672;
2656;
2672;
2640;
2672;
2656;
2672;
2656;
2672;
2656;
2656;
2640;
2672;
2640;
2656;
2656;
2656;
2656;
2672;
2656;
2656;
2640;
2672;
2656;
2656;
2640;
2672;
2656;
2672;
2640;
2672;
2656;
2672;
2656;
2672;
2656;
2672;
2624;
2656;
2656;
2672;
2640;
2672;
2656;
2672;
2656;
2640;
2656;
2672;
2640;
2656;
2656;
2672;
2656;
2656;
2640;
2672;
2656;
2656;
2656;
2672;
2656;
2672;
2624;
2672;
2656;
2672;
2640;
2672;
2656;
2672;
2656;
2656;
2640;
2672;
2656;
2656;
2640;
2672;
2656;
2656;
2640;
2656;
2640;
2656;
2656;
2656;
2656;
2672;
2656;
2656;
2656;
2672;
2656;
2656;
2656;
2672;
2656;
2656;
2672;
2656;
2656;
2656;
2640;
2672;
2656;
2656;
2640;
2656;
2656;
2672;
2624;
2656;
2656;
2656;
2656;
2672;
2640;
2672;
2656;
2656;
2656;
2672;
2640;
2672;
2640;
2672;
2656;
2656;
2656;
2672;
2640;
2656;
2656;
2672;
2640;
2672;
2656;
2672;
2656;
2656;
2656;
2672;
2656;
2656;
2656;
2656;
2640;
2672;
2640;
2672;
2656;
2656;
2656;
2672;
2656;
2672;
2656;
2672;
2640;
2656;
2656;
2672;
2640;
2672;
2640;
2672;
2656;
2672;
2656;
2656;
2640;
2656;
2640;
2672;
2640;
2656;
2640;
2672;
2656;
2656;
2640;
2672;
2656;
2672;
2656;
2656;
2656;
2656;
2656;
2656;
2656;
2656;
2656;
2656;
2656;
2672;
2656;
2656;
2656;
2672;
2640;
2672;
2656;
2672;
2640;
2656;
2640;
2672;
2656;
2672;
2656;
2672;
2640;
2672;
2640;
2656;
2656;
2672;
2656;
2672;
2656;
2672;
2640;
2656;
2656;
2672;
2656;
2656;
2656;
2672;
2656;
2656;
2656;
2656;
2656;
2656;
2640;
2656;
2656;
2672;
2656;
2656;
2656;
2656;
2656;
2672;
2640;
2656;
2640;
2656;
2640;
2672;
2640;
2672;
2640;
2672;
2656;
2672;
2656;
2672;
2656;
2656;
2656;
2656;
2656;
2672;
2656;
2672;
2656;
2656;
2656;
2672;
2640;
2656;
2656;
2672;
2656;
2672;
2640;
2656;
2656;
2656;
2656;
2656;
2640;
2672;
2656;
2672;
2656;
2672;
2656;
2656;
2656;
2672;
2656;
2656;
2640;
2672;
2656;
2672;
2656;
2672;
2656;
2672;
2640;
2656;
2656;
2672;
2656;
2656;
2640;
2672;
2656;
2656;
2656;
2672;
2656;
2672;
2640;
2656;
2640;
2672;
2640;
2672;
2656;
2672;
2656;
2656;
2640;
2672;
2656;
2656;
2656;
2656;
2656;
2672;
2656;
2672;
2640;
2672;
2656;
2656;
2640;
2672;
2656;
2672;
2656;
2672;
2640;
2656;
2656;
2656;
2656;
2656;
2656;
2656;
2640;
2656;
2656;
2656;
2640;
2656;
2656;
2656;
2656;
2672;
2656;
2672;
2656;
2656;
2656;
2672;
2656;
2672;
2656;
2672;
2656;
2656;
2656;
2672;
2656;
2656;
2656;
2656;
2656;
2656;
2656;
2656;
2656;
2672;
2640;
2656;
2640;
2672;
2656;
2656;
2656;
2656;
2656;
2672;
2656;
2656;
2656;
2656;
2656;
2656;
2656;
2656;
2656;
2656;
2656;
2656;
2656;
2656;
2656;
2656;
2656;
2656;
2656;
2656;
2656;
2656;
2656;
2656;
2656;
2672;
2656;
2656;
2656;
2656;
2640;
2656;
2640;
2656;
2640;
2656;
2656;
2656;
2656;
2656;
2656;
2656;
2656;
2672;
2640;
2656;
2656;
2656;
2656;
2656;
2640;
2656;
2656;
2656;
2656;
2656;
2656;
2656;
2656;
2656;
2656;
2672;
2656;
2656;
2656;
2656;
2656;
2656;
2656;
2656;
2656;
2672;
2640;
2656;
2656;
2672;
2656;
2656;
2656;
2656;
2656;
2656;
2656;
2656;
2656;
2656;
2656;
2656;
2640;
2656;
2640;
2656;
2656;
2656;
2656;
2656;
2656;
2656;
2656;
2656;
2656;
2656;
2656;
2656;
2656;
2656;
2656;
2656;
2656;
2656;
2640;
2656;
2656;
2656;
2656;
2656;
2656;
2656;
2656;
2656;
2656;
2656;
2656;
2656;
2656;
2656;
2640;
2656;
2656;
2656;
2656;
2656;
2656;
2656;
2656;
2656;
2656;
2656;
2656;
2656;
2656;
2656;
2656;
2656;
2640;
2656;
2656;
2656;
2656;
2656;
2656;
2656;
2656;
2656;
2656;
2656;
2656;
2656;
2656;
2656;
2656;
2672;
2624;
2672;
2640;
2656;
2656;
2672;
2656;
2624;
2640;
2672;
2656;
2672;
2656;
2672;
2688;
2656;
2640;
2656;
2656;
2672;
2640;
2656;
2640;
2624;
2656;
2672;
2656;
2656;
2640;
2672;
2656;
2656;
2640;
2672;
2656;
2656;
2640;
2672;
2656;
2672;
2656;
2672;
2656;
2672;
2656;
2656;
2640;
2656;
2656;
2656;
2656;
2656;
2656;
2656;
2640;
2656;
2640;
2656;
2656;
2656;
2656;
2656;
2640;
2672;
2640;
2656;
2640;
2672;
2656;
2672;
2640;
2656;
2656;
2656;
2656;
2656;
2656;
2656;
2656;
2656;
2656;
2672;
2656;
2656;
2640;
2656;
2656;
2656;
2640;
2656;
2640;
2656;
2640;
2672;
2640;
2656;
2640;
2672;
2656;
2656;
2640;
2656;
2656;
2656;
2640;
2672;
2656;
2672;
2656;
2672;
2656;
2672;
2640;
2672;
2656;
2672;
2656;
2656;
2640;
2672;
2656;
2656;
2640;
2672;
2640;
2672;
2656;
2672;
2656;
2672;
2640;
2656;
2640;
2672;
2656;
2672;
2656;
2672;
2640;
2672;
2656;
2656;
2640;
2672;
2656;
2672;
2656;
2672;
2640;
2656;
2656;
2672;
2624;
2672;
2640;
2672;
2640;
2672;
2640;
2656;
2640;
2672;
2640;
2656;
2640;
2656;
2640;
2672;
2640;
2672;
2640;
2672;
2624;
2672;
2640;
2672;
2640;
2656;
2640;
2672;
2656;
2672;
2624;
2672;
2640;
2672;
2640;
2672;
2624;
2656;
2640;
2672;
2640;
2672;
2640;
2672;
2640;
2672;
2640;
2672;
2640;
2672;
2624;
2672;
2640;
2672;
2640;
2672;
2624;
2672;
2624;
2672;
2640;
2672;
2640;
2672;
2640;
2672;
2640;
2672;
2640;
2672;
2624;
2672;
2640;
2672;
2640;
2672;
2640;
2672;
2640;
2672;
2640;
2672;
2640;
2672;
2640;
2672;
2624;
2656;
2624;
2680;
2624;
2672;
2640;
2672;
2640;
2656;
2624;
2672;
2640;
2672;
2640;
2672;
2624;
2672;
2624;
2672;
2624;
2672;
2640;
2656;
2624;
2672;
2640;
2672;
2640;
2672;
2624;
2672;
2624;
2672;
2640;
2672;
2624;
2672;
2624;
2672;
2640;
2672;
2640;
2672;
2624;
2672;
2640;
2672;
2640;
2672;
2624;
2672;
2640;
2672;
2624;
2672;
2640;
2672;
2624;
2672;
2640;
2672;
2624;
2672;
2640;
2672;
2624;
2672;
2624;
2672;
2624;
2672;
2624;
2672;
2624;
2672;
2640;
2672;
2624;
2672;
2624;
2672;
2640;
2672;
2624;
2680;
2624;
2672;
2624;
2672;
2640;
2672;
2624;
2672;
2624;
2672;
2624;
2672;
2640;
2680;
2640;
2672;
2640;
2672;
2624;
2672;
2624;
2672;
2624;
2672;
2624;
2672;
2624;
2672;
2624;
2672;
2624;
2672;
2624;
2672;
2624;
2672;
2624;
2672;
2624;
2680;
2632;
2672;
2624;
2672;
2624;
2680;
2624;
2672;
2624;
2672;
2640;
2672;
2624;
2672;
2624;
2672;
2624;
2672;
2624;
2672;
2624;
2672;
2624;
2672;
2624;
2672;
2624;
2672;
2624;
2672;
2624;
2672;
2640;
2680;
2624;
2672;
2624;
2672;
2624;
2672;
2624;
2672;
2624;
2672;
2624;
2672;
2624;
2672;
2624;
2672;
2624;
2672;
2624;
2680;
2624;
2680;
2624;
2672;
2624;
2672;
2624;
2680;
2624;
2672;
2624;
2672;
2624;
2672;
2624;
2672;
2640;
2672;
2624;
2672;
2624;
2680;
2624;
2672;
2624;
2672;
2624;
2672;
2640;
2672;
2624;
2672;
2624;
2656;
2608;
2680;
2624;
2680;
2624;
2672;
2624;
2672;
2624;
2672;
2624;
2672;
2624;
2672;
2608;
2672;
2624;
2672;
2624;
2672;
2624;
2704;
2624;
2672;
2624;
2672;
2640;
2672;
2640;
2672;
2624;
2672;
2624;
2672;
2624;
2672;
2624;
2672;
2624;
2672;
2624;
2680;
2624;
2672;
2624;
2672;
2640;
2672;
2624;
2672;
2640;
2672;
2624;
2672;
2624;
2672;
2624;
2672;
2624;
2672;
2624;
2672;
2624;
2672;
2624;
2672;
2640;
2672;
2624;
2672;
2624;
2672;
2624;
2672;
2624;
2672;
2624;
2672;
2624;
2672;
2624;
2672;
2624;
2672;
2640;
2672;
2640;
2672;
2640;
2672;
2640;
2672;
2640;
2672;
2656;
2680;
2624;
2672;
2640;
2672;
2624;
2672;
2624;
2672;
2656;
2672;
2640;
2672;
2624;
2672;
2640;
2672;
2640;
2672;
2624;
2672;
2624;
2672;
2640;
2672;
2640;
2672;
2640;
2672;
2624;
2672;
2640;
2672;
2640;
2672;
2624;
2672;
2640;
2672;
2640;
2672;
2640;
2672;
2640;
2672;
2624;
2672;
2640;
2672;
2656;
2672;
2640;
2672;
2640;
2672;
2640;
2672;
2656;
2656;
2624;
2672;
2640;
2672;
2640;
2656;
2640;
2656;
2656;
2672;
2640;
2672;
2656;
2672;
2656;
2672;
2656;
2672;
2656;
2672;
2656;
2672;
2640;
2672;
2656;
2672;
2656;
2672;
2640;
2672;
2640;
2656;
2656;
2672;
2656;
2672;
2656;
2656;
2624;
2672;
2656;
2672;
2640;
2656;
2656;
2656;
2656;
2656;
2656;
2672;
2656;
2656;
2656;
2656;
2656;
2672;
2656;
2656;
2656;
2672;
2640;
2656;
2640;
2656;
2656;
2656;
2656;
2704;
2640;
2672;
2640;
2656;
2656;
2672;
2656;
2640;
2656;
2656;
2656;
2656;
2672;
2656;
2688;
2656;
2640;
2672;
2672;
2656;
2672;
2656;
2656;
2624;
2672;
2656;
2672;
2656;
2656;
2656;
2672;
2640;
2672;
2656;
2656;
2656;
2656;
2656;
2656;
2656;
2656;
2656;
2656;
2656;
2672;
2656;
2656;
2656;
2640;
2672;
2656;
2656;
2656;
2656;
2656;
2656;
2672;
2656;
2640;
2656;
2656;
2656;
2656;
2656;
2656;
2656;
2656;
2656;
2656;
2656;
2656;
2656;
2656;
2656;
2656;
2656;
2656;
2656;
2672;
2656;
2656;
2656;
2656;
2656;
2656;
2656;
2672;
2656;
2656;
2656;
2656;
2656;
2656;
2656;
2656;
2656;
2656;
2656;
2656;
2656;
2656;
2656;
2656;
2656;
2656;
2656;
2656;
2656;
2656;
2656;
2656;
2656;
2672;
2656;
2656;
2656;
2672;
2656;
2672;
2656;
2656;
2656;
2656;
2656;
2656;
2656;
2672;
2640;
2672;
2656;
2656;
2656;
2672;
2640;
2656;
2640;
2656;
2656;
2656;
2656;
2656;
2656;
2656;
2656;
2656;
2656;
2672;
2656;
2656;
2640;
2672;
2656;
2672;
2656;
2672;
2640;
2672;
2640;
2672;
2640;
2672;
2656;
2656;
2640;
2672;
2656;
2672;
2656;
2672;
2640;
2672;
2640;
2672;
2640;
2656;
2640;
2672;
2640;
2672;
2640;
2672;
2656;
2656;
2640;
2672;
2640;
2672;
2640;
2672;
2640;
2672;
2640;
2672;
2656;
2672;
2640;
2672;
2640;
2672;
2624;
2672;
2640;
2680;
2624;
2672;
2640;
2672;
2640;
2672;
2640;
2672;
2640;
2672;
2640;
2672;
2656;
2672;
2640;
2672;
2624;
2672;
2640;
2672;
2640;
2672;
2624;
2672;
2656;
2672;
2640;
2672;
2640;
2672;
2640;
2672;
2640;
2672;
2624;
2672;
2640;
2672;
2640;
2672;
2640;
2672;
2624;
2672;
2624;
2672;
2624;
2672;
2624;
2672;
2624;
2672;
2640;
2680;
2624;
2672;
2640;
2672;
2640;
2672;
2624;
2672;
2624;
2672;
2640;
2680;
2640;
2672;
2640;
2672;
2640;
2672;
2640;
2672;
2640;
2672;
2624;
2672;
2624;
2672;
2640;
2672;
2624;
2672;
2624;
2656;
2624;
2680;
2624;
2672;
2640;
2672;
2640;
2680;
2624;
2672;
2624;
2672;
2624;
2672;
2624;
2672;
2640;
2672;
2640;
2672;
2624;
2672;
2624;
2672;
2624;
2680;
2640;
2680;
2624;
2672;
2624;
2672;
2640;
2680;
2640;
2680;
2624;
2672;
2624;
2680;
2640;
2672;
2640;
2680;
2624;
2672;
2624;
2680;
2640;
2672;
2624;
2672;
2624;
2672;
2624;
2680;
2624;
2672;
2624;
2672;
2624;
2672;
2624;
2680;
2624;
2672;
2624;
2672;
2624;
2672;
2624;
2672;
2640;
2680;
2656;
2672;
2624;
2680;
2624;
2680;
2640;
2672;
2640;
2672;
2640;
2672;
2640;
2672;
2640;
2680;
2624;
2680;
2624;
2672;
2640;
2672;
2624;
2672;
2624;
2672;
2640;
2672;
2624;
2672;
2624;
2672;
2640;
2672;
2640;
2672;
2624;
2672;
2624;
2672;
2624;
2680;
2624;
2672;
2624;
2672;
2624;
2672;
2640;
2672;
2624;
2672;
2640;
2672;
2624;
2672;
2640;
2672;
2640;
2672;
2624;
2672;
2624;
2672;
2624;
2672;
2640;
2672;
2640;
2672;
2624;
2672;
2640;
2672;
2640;
2672;
2640;
2672;
2624;
2672;
2624;
2680;
2640;
2672;
2624;
2672;
2624;
2672;
2640;
2672;
2640;
2672;
2624;
2672;
2624;
2672;
2640;
2672;
2624;
2672;
2640;
2672;
2640;
2672;
2640;
2672;
2640;
2672;
2640;
2672;
2640;
2672;
2640;
2672;
2640;
2672;
2640;
2672;
2640;
2672;
2640;
2672;
2624;
2672;
2640;
2672;
2640;
2672;
2640;
2672;
2640;
2672;
2640;
2672;
2624;
2672;
2656;
2672;
2656;
2672;
2656;
2672;
2640;
2672;
2656;
2672;
2656;
2672;
2656;
2672;
2656;
2672;
2656;
2672;
2640;
2656;
2640;
2656;
2656;
2656;
2624;
2672;
2656;
2656;
2656;
2672;
2672;
2656;
2640;
2672;
2656;
2672;
2656;
2672;
2656;
2672;
2656;
2672;
2640;
2672;
2656;
2672;
2640;
2656;
2656;
2672;
2672;
2672;
2656;
2688;
2640;
2656;
2640;
2656;
2640;
2656;
2656;
2656;
2640;
2656;
2656;
2672;
2656;
2672;
2656;
2672;
2640;
2656;
2656;
2656;
2640;
2672;
2656;
2656;
2656;
2672;
2640;
2672;
2656;
2656;
2640;
2672;
2656;
2672;
2656;
2672;
2640;
2672;
2640;
2672;
2640;
2672;
2640;
2672;
2640;
2672;
2640;
2672;
2656;
2672;
2640;
2672;
2640;
2672;
2656;
2672;
2640;
2672;
2656;
2672;
2640;
2672;
2656;
2672;
2640;
2656;
2656;
2672;
2656;
2672;
2656;
2656;
2656;
2672;
2656;
2656;
2656;
2656;
2656;
2656;
2640;
2656;
2656;
2672;
2656;
2656;
2656;
2656;
2656;
2656;
2656;
2656;
2656;
2656;
2656;
2656;
2656;
2656;
2656;
2656;
